0.4426
0.5195
0.6774
0.7556
1.3777
1.6863
1.9968
2.6211
2.9299
3.2412
4.1758
5.1088
5.2629
5.4204
5.7283
6.3538
6.6620
7.5964
7.9052
8.2170
9.1512
10.7069
11.3258
11.6417
11.9508
12.5698
12.8842
13.1939
13.8143
14.4402
15.0573
15.6800
16.3029
16.6114
16.7656
16.9369
17.2322
17.3889
17.5449
17.8561
18.1679
18.7902
19.0995
19.2579
19.4210
19.5656
19.7210
20.0354
20.3430
20.6567
21.2776
21.5923
21.9015
22.5205
22.8344
23.1449
23.7659
24.0773
24.3903
25.0085
25.6318
26.2535
26.5625
26.7176
26.8749
27.1841
27.3397
27.4964
27.8076
28.1196
28.7423
29.0504
29.2053
29.3680
29.5155
29.6715
29.9846
30.2978
30.3734
30.4517
30.6112
31.2281
31.5407
32.1603
32.4742
32.7837
33.0975
33.7158
34.0300
34.6479
34.9636
35.2744
35.5846
35.8921
36.2051
36.3605
36.5193
36.6727
37.4497
37.7614
37.9172
38.0734
38.3822
38.6934
38.8470
39.0056
39.9375
40.2509
40.5618
41.1806
41.4927
41.8068
42.1127
42.4261
42.7362
43.0490
43.6697
43.9824
44.6000
44.9128
45.2250
45.5367
45.8428
46.1566
46.3115
46.4715
46.6221
47.4010
47.7125
47.8687
48.0256
48.3328
48.6451
48.7993
48.9575
50.5106
50.8190
51.1308
51.2850
51.5965
52.3741
52.6840
52.8407
53.0153
54.5495
54.8612
55.0176
55.3295
55.4880
55.7945
55.9512
56.2709
56.4178
56.7277
57.0419
57.1961
57.5149
57.6635
57.9751
58.2826
58.4475
58.7525
58.9074
59.2201
59.5273
59.6897
59.9962
60.1487
60.4644
60.7742
60.9297
61.2472
61.3957
61.7031
62.0159
62.1711
62.4920
62.6388
62.9512
63.2576
63.4228
63.7281
63.8824
64.1985
64.5024
64.6673
64.9770
65.1244
65.4399
65.7486
65.9049
66.0604
66.2223
66.3706
66.6784
66.9926
67.1476
67.4678
67.6139
67.7703
67.9265
68.2343
68.3926
68.5476
68.7017
68.8578
69.1711
69.4790
69.7914
69.9474
70.1010
70.4144
70.7242
70.8782
71.0347
71.1974
71.3459
71.4992
71.6539
71.9674
72.1236
72.2784
72.4414
72.5903
72.9029
73.2097
73.3745
73.5232
73.6787
73.8328
74.1459
74.4545
74.6168
74.7695
74.9225
75.0778
75.3907
75.6989
75.8558
76.0112
76.1724
76.3205
76.6291
76.9428
77.0990
77.4187
77.5642
77.8776
78.1874
78.3437
78.4992
78.6539
78.8107
79.1220
79.4296
79.5935
79.7432
79.8986
80.0523
80.3666
80.6744
80.8309
80.9903
81.1496
81.2963
81.6045
81.9173
82.0744
82.2305
82.3929
82.5423
82.8536
83.1643
83.3254
83.4736
83.6300
83.7852
83.9385
84.0973
84.2498
84.4065
84.7163
84.8735
85.0284
85.3427
85.6499
85.8062
86.1258
86.2726
86.5842
86.8942
87.0497
87.3610
87.5159
87.8271
88.1400
88.2941
88.6056
88.7606
89.0704
89.3244
89.3830
89.7037
89.8488
90.3168
90.6256
90.7843
90.9394
91.0960
91.2496
91.4031
91.5548
91.8715
92.0281
92.1836
92.3433
92.4936
92.8048
93.1141
93.4238
93.5799
93.7366
94.0478
94.3570
94.5139
94.8340
94.9815
95.2940
95.6003
95.7573
96.0763
96.2241
96.5349
96.8459
97.0002
97.3121
97.4678
97.7784
98.0908
98.2453
98.5567
98.7117
99.0216
99.2757
99.3346
99.6532
99.8024
99.9627
100.2682
100.5764
100.7354
100.8901
101.0449
101.2016
101.5072
101.8234
101.9796
102.1362
102.2986
102.4452
102.7569
103.0649
103.3768
103.5314
103.6883
103.9997
104.3080
104.4648
104.7856
104.9324
105.2431
105.5534
105.7084
105.8592
106.1741
106.4834
106.6397
106.7971
106.9526
107.2714
107.4187
107.7251
108.0414
108.3451
108.5061
108.6575
108.9755
109.1264
109.2837
109.4458
109.5989
109.7533
109.9048
110.2181
110.5296
110.6828
111.0035
111.1511
111.4585
111.6147
111.7736
111.9293
112.2483
112.3942
112.7001
113.0157
113.3211
113.4838
113.6307
113.9516
114.1049
114.2550
114.4227
114.5756
114.7314
114.8755
115.1936
115.5044
115.6608
115.9767
116.1262
116.2882
116.4340
116.5915
116.7522
116.9045
117.0610
117.2225
117.3697
117.6831
117.9928
118.1473
118.3033
118.4593
118.6142
118.7722
118.9273
119.0799
119.2366
119.3941
119.5476
119.7060
119.8579
120.1698
120.4798
120.6363
120.9545
121.1024
121.4094
121.5676
121.7266
121.8794
122.0356
122.1993
122.3455
122.6586
122.9647
123.1258
123.4333
123.9035
123.9626
124.1227
124.1845
125.7026
125.7677
126.0800
126.3893
126.7031
127.9440
128.0983
128.2563
128.5657
128.7229
128.8772
129.1904
129.4983
129.8130
130.1220
130.4319
130.7427
131.0531
131.3660
131.6728
132.6055
133.1387
133.2318
133.5413
133.7618
134.0642
134.4717
135.7169
136.0293
136.3412
136.6535
137.8945
138.0500
138.2080
138.5170
138.8294
139.1409
139.4524
139.7639
140.0746
140.3865
140.6943
141.0058
143.1823
143.4920
145.6736
146.6035
146.9177
147.8495
148.1586
148.4741
148.7803
148.9329
149.0929
149.4031
149.8751
150.1834
150.3342
150.6482
150.9560
151.1124
151.5780
151.8895
152.2012
152.3560
152.6668
152.8223
153.1334
153.4461
153.5997
153.9123
154.0663
154.3766
154.6292
154.6892
155.0099
155.1558
155.6235
155.9309
156.0900
156.2444
156.4031
156.5565
156.8618
157.1777
157.3340
157.4911
157.8009
158.1106
158.4205
158.7315
158.8866
159.0426
159.3555
159.6631
159.8198
160.1398
160.2872
160.6001
160.9081
161.0637
161.3825
161.5291
161.8410
162.1525
162.3078
162.6190
162.7737
163.0845
163.3972
163.5517
163.8630
164.0181
164.3280
164.5810
164.6411
164.9590
165.1064
165.5741
165.8822
166.0410
166.1952
166.3533
166.5076
166.8134
167.1293
167.2872
167.4442
167.7511
168.0624
168.3716
168.6832
168.8378
168.9938
169.3051
169.6154
169.7708
169.9280
170.0917
170.2394
170.5521
170.8601
171.0196
171.1705
171.3257
171.4797
172.1032
172.7249
173.0329
173.3463
173.5003
173.8156
173.9661
174.5888
175.5248
175.8359
176.1446
176.3522
176.4574
177.0774
177.6980
179.2575
179.5644
179.8766
180.1902
180.3421
180.5025
180.8099
180.9672
181.2849
181.4325
181.7404