0.1141
0.5168
1.1122
1.8621
2.3910
2.7695
3.5205
4.1130
4.4903
4.8642
5.3965
5.7740
6.5217
7.1162
7.8658
8.3974
8.7746
9.1513
9.7435
10.2747
12.1403
12.5185
12.7441
12.8880
13.0894
13.2719
13.4542
13.6452
13.8312
14.0269
14.2497
14.3786
14.5817
14.7768
15.1456
15.3469
15.5355
15.7344
15.8978
16.1022
16.2878
16.4709
16.6573
16.8467
17.0350
17.2845
17.3949
17.5980
17.7885
18.1528
18.3476
18.5380
18.7275
18.8986
19.0969
19.2828
19.4656
19.6481
19.8299
20.0192
20.3827
20.5961
20.7834
20.9725
21.0967
21.3309
21.4973
21.6937
21.8724
22.2595
22.4575
22.6305
22.8182
23.0078
23.2008
23.3790
23.5913
23.7551
24.1515
24.3798
24.5289
24.8978
25.1008
25.2809
25.4649
25.6560
25.8420
26.0129
26.2921
26.3886
26.5924
26.7873
27.1555
27.3572
27.5449
27.7424
27.9088
28.1127
28.2751
28.4825
28.6674
28.8567
29.0475
29.2904
29.4053
29.6078
29.7985
30.1692
30.3578
30.5486
30.7381
30.9063
31.1073
31.2926
31.4756
31.6587
31.8392
32.0267
32.2739
32.3919
32.6056
32.7936
32.9839
33.1065
33.3405
33.5071
33.7041
33.8819
34.2705
34.4594
34.6412
34.8284
35.0185
35.2106
35.3896
35.6006
35.7641
36.1583
36.3897
36.5390
36.9088
37.1130
37.2909
37.4744
37.6652
37.8528
38.0440
38.3043
38.3992
38.6020
38.7686
39.1341
39.3672
39.5539
39.7545
39.9181
40.1232
40.2947
40.4929
40.6771
40.8705
41.0456
41.3052
41.4144
41.6199
41.7709
42.1355
42.3678
42.5558
42.7485
42.9161
43.1189
43.2981
43.4859
43.6687
43.8506
44.0479
44.4033
44.6169
44.7739
44.9945
45.1195
45.3515
45.5184
45.7159
45.8938
46.2809
46.4741
46.6515
46.8377
47.0287
47.2213
47.3996
47.6114
47.7739
48.1430
48.4002
48.5474
48.7777
48.9189
49.1220
49.3009
49.4859
49.6755
49.8646
50.0544
50.3147
50.4092
50.6152
50.7792
51.1448
51.3781
51.5624
51.7651
51.9263
52.1337
52.3037
52.5038
52.6873
52.8810
53.0566
53.3134
53.4241
53.6302
53.7812
54.1938
54.3784
54.5654
54.7583
54.9258
55.1287
55.3091
55.4959
55.6794
55.8605
56.0600
56.4131
56.6270
56.7836
57.0036
57.1316
57.3619
57.5268
57.7254
57.9030
58.2910
58.4814
58.5351
58.6616
58.8490
59.0396
59.2312
59.4099
59.6063
59.7876
59.9752
60.1537
60.9344
61.3106
61.5032
61.6872
62.0656
62.2868
62.4464
62.8151
63.0037
63.2028
63.3488
63.5515
63.9391
64.2964
64.4675
64.6614
65.0545
65.2665
65.4173
65.8220
65.9910
66.2089
66.5834
66.7983
66.9688
67.3397
67.5119
67.6976
68.0956
68.2967
68.4739
68.8491
69.2302
69.6046
69.7930
69.9603
70.3370
70.4950
70.7029
71.0724
71.4373
71.7878
72.1556
72.5863
72.7937
72.9372
73.3204
73.5141
73.6972
74.0758
74.2975
74.4465
74.8260
75.0383
75.2134
75.3821
75.5618
75.7730
75.9428
76.3072
76.4833
76.6709
77.0653
77.2768
77.4202
77.8318
78.0087
78.2195
78.4363
78.5926
78.7813
78.9735
79.3498
79.5283
79.7076
80.1024
80.3050
80.4768
80.8593
81.0348
81.2408
81.6143
81.7775
81.9624
82.3459
82.5374
82.7134
83.0838
83.2674
83.4478
83.7980
84.2037
84.5823
84.9500
85.1526
85.3334
85.5161
85.7075
85.8952
86.0658
86.3126
86.4405
86.6451
86.8398
87.2068
87.4094
87.5960
87.7646
87.9604
88.1650
88.3497
88.5337
88.7195
88.9080
89.0990
89.3443
89.4570
89.6591
89.8506
90.2140
90.4087
90.6008
90.7579
90.9582
91.1588
91.3436
91.5272
91.7106
91.8922
92.0798
92.3306
92.4435
92.6572
92.8448
93.0348
93.1589
93.3920
93.5569
93.7551
93.9349
94.3238
94.5139
94.6916
94.8799
95.0702
95.2626
95.4406
95.6537
95.8155
96.2093
96.4408
96.5851
96.8180
96.9609
97.1622
97.3420
97.5274
97.7170
97.9042
98.0964
98.4513
98.6520
98.8208
99.1852
99.4188
99.6047
99.8031
99.9679
100.1764
100.3454
100.5434
100.7293
100.9230
101.0974
101.4658
101.6716
101.8227
102.2362
102.4190
102.6061
102.7995
102.9672
103.1706
103.3502
103.5374
103.7203
103.9019
104.1006
104.4545
104.6681
104.8250
105.0494
105.1723
105.4024
105.5674
105.7664
105.9448
106.3326
106.5256
106.7035
106.8894
107.0806
107.2720
107.4514
107.6640
107.8260
108.1948
108.4515
108.5981
108.8259
108.9698
109.1736
109.3523
109.5371
109.7271
109.9138
110.1056
110.4604
110.6667
110.8310
111.1929
111.4294
111.6150
111.8135
111.9782
112.1861
112.3557
112.5545
112.7391
112.9322
113.1080
113.3640
113.4756
113.6797
113.8333
114.1964
114.4290
114.6184
114.8098
114.9759
115.1808
115.3599
115.5479
115.7308
115.9121
116.1109
116.3462
116.4646
116.6780
116.8349
117.0577
117.1802
117.4112
117.5778
117.7771
117.9548
118.3428
118.5879
118.7127
118.9007
119.0909
119.2831
119.4604
119.6740
119.8363
120.2074
120.4590
120.6182
120.9806
121.1852
121.3626
121.5479
121.7379
121.9262
122.1152
122.3737
122.4716
122.6764
122.8420
123.2050
123.4395
123.6248
123.7950
123.9896
124.1972
124.3653
124.5640
124.7488
124.9425
125.1175
125.3761
125.4862
125.6896
125.8432
126.2095
126.4406
126.6273
126.8202
126.9887
127.1906
127.3710
127.5585
127.7415
127.9224
128.1205
128.4744
128.6881
128.8458
129.0666
129.1931
129.4240
129.5885
129.7866
129.9654
130.3538
130.5410
130.5966
130.7225
130.9097
131.1015
131.2933
131.4711
131.6817
131.8466
132.2130
132.4716
132.6192
132.8491
132.9920
133.1944
133.3730
133.5587
133.7485
133.9332
134.1263
134.3857
134.4821
134.6876
134.8516
135.2156
135.4492
135.6351
135.8359
135.9999
136.2073
136.3752
136.5760
136.7589
136.9511
137.1286
137.3843
137.4964
137.7019
137.8543
138.2189
138.2703
138.4506
138.6381
138.8307
138.9984
139.2010
139.3816
139.5679
139.7516
139.9326
140.1315
140.4855
140.6991
140.8560
141.0763
141.2049
141.4332
141.5988
141.7970
141.9754
142.3649
142.5565
142.7329
142.9205
143.1118
143.3035
143.4809
143.6959
143.8568
144.2263
144.6290
145.0020
145.2043
145.3850
145.5679
145.7590
145.9442
146.1169
146.3990
146.4924
146.6954
146.8913
147.2590
147.4609
147.6473
147.8464
148.0125
148.2163
148.3748
148.5853
148.7710
148.9605
149.1505
149.3949
149.5088
149.7109
149.9000
150.2655
150.4609
150.6509
150.8071
151.0137
151.2107
151.3956
151.5786
151.7626
151.9436
152.1319
152.4953
152.7090
152.8958
153.0874
153.2095
153.4441
153.6082
153.8064
153.9863
154.3742
154.5655
154.7423
154.9325
155.1217
155.3135
155.4919
155.7048
155.8675
156.2646
156.4905
156.6414
156.8684
157.0120
157.2138
157.3952
157.5786
157.7697
157.9544
158.1280
158.4063
158.5026
158.7066
158.9002
159.2689
159.4711
159.6580
159.8574
160.0233
160.2274
160.3866
160.5960
160.7805
160.9704
161.1617
161.4053
161.5186
161.7217
161.9107
162.2778
162.4718
162.6620
162.8517
163.0220
163.2218
163.4061
163.5885
163.7734
163.9539
164.1413
164.3925
164.5063
164.7193
164.9067
165.0969
165.2208
165.4543
165.6190
165.8180
165.9972
166.3831
166.5797
166.7534
166.9422
167.1308
167.3241
167.5021
167.7153
167.8778
168.2730
168.5042
168.6507
168.8525
169.0234
169.2249
169.4038
169.5889
169.7786
169.9659
170.1574
170.4186
170.5137
170.7182
170.8828
171.2459
171.4812
171.6655
171.8681
172.0311
172.2376
172.4073
172.6064
172.7901
172.9842
173.1600
173.5276
173.7309
173.8848
174.2507
174.4810
174.6690
174.8615
175.0299
175.2325
175.4127
175.5986
175.7829
175.9637
176.1621
176.4059
176.5164
176.7293
176.8873
177.1105
177.2323
177.4646
177.6297
177.8282
178.0074
178.3941
178.5855
178.6376
178.7648
178.9516
179.1419
179.3344
179.5120
179.7270
179.8885
180.2554
180.5129
180.6598
180.8644
181.0328
181.2353
181.4147
181.5990
181.7892
181.9757
182.1695
182.4318
182.5233
182.7286
182.8920
183.2579
183.4915
183.6773
183.8771
184.0420
184.2477
184.4182
184.6159
184.8008
184.9932
185.1705
185.4253
185.5381
185.7423
185.8956
186.2589
186.4912
186.6799
186.8722
187.0409
187.2429
187.4228
187.6099
187.7927
187.9747
188.1724
188.5270
188.7410
188.8976
189.1194
189.2424
189.4750
189.6402
189.8381
190.0172
190.4043
190.6494
190.7758
190.9623
191.1523
191.3449
191.5228
191.7195
191.9000
192.0891
192.2649
193.0478
193.4247
193.6170
193.8008
194.1809
194.4000
194.5586
194.9299
195.3162
195.4713
195.6651
195.8649
196.0524
196.4095
196.5796
196.7742
196.9659
197.1684
197.3750
197.5313
197.9335
198.1079
198.3234
198.6949
198.9107
199.0816
199.4519
199.6239
199.8116
200.1983
200.3878
200.5880
200.9622
201.3441
201.7182
201.9010
202.0741
202.4513
202.6471
202.8169
203.1872
203.5495
203.8996
204.2704
204.6996
204.9093
205.0509
205.4340
205.6297
205.8102
206.1905
206.3763
206.5607
206.9402
207.3259
207.4796
207.6751
207.8869
208.0584
208.4200
208.7851
209.1785
209.3745
209.5325
209.9444
210.1429
210.3342
210.5562
210.7053
210.8912
211.0883
211.4638
211.6349
211.8215
212.2200
212.4190
212.5917
212.9720
213.1859
213.3541
213.7268
213.9013
214.0774
214.4594
214.6504
214.8275
215.1971
215.4221
215.5605
215.9122
216.3177
216.6991
217.0632
217.2665
217.4466
217.6311
217.8216
218.0072
218.2010
218.3757
218.4573
218.5547
218.7576
218.9525
219.3210
219.5230
219.7103
219.8814
220.0753
220.2793
220.4379
220.6475
220.8323
221.0227
221.2132
221.4572
221.5712
221.7737
221.9625
222.3295
222.5224
222.7131
222.9030
223.0745
223.2724
223.4582
223.6409
223.8251
224.0065
224.1939
224.3837
224.5574
224.7714
224.9589
225.1488
225.2716
225.5058
225.6714
225.8696
226.0489
226.4355
226.6263
226.8047
226.9931
227.1837
227.3751
227.5534
227.7670
227.9299
228.3238
228.7004
229.0752
229.2764
229.4559
229.6411
229.8315
230.0174
230.2090
230.5647
230.7663
230.9328
231.2964
231.5326
231.7193
231.9170
232.0825
232.2905
232.4590
232.6567
232.8421
233.0358
233.2105
233.5791
233.7848
233.9364
234.2993
234.5321
234.7215
234.9131
235.0810
235.2842
235.4649
235.6511
235.8341
236.0148
236.2124
236.5686
236.7812
236.9389
237.1599
237.2850
237.5160
237.6822
237.8798
238.0583
238.4453
238.6396
238.8178
239.0051
239.1938
239.3857
239.5641
239.7775
239.9401
240.3054
240.5649
240.7128
240.9398
241.0843
241.2871
241.4656
241.6514
241.8407
242.0280
242.2195
242.4776
242.5749
242.7794
242.9431
243.3088
243.5425
243.7274
243.9286
244.0925
244.2993
244.4690
244.6678
244.8524
245.0462
245.2214
245.4803
245.5898
245.7947
245.9471
246.3580
246.5432
246.7315
246.9237
247.0920
247.2946
247.4744
247.6609
247.8432
248.0255
248.2247
248.4620
248.5784
248.7916
248.9492
249.1732
249.2967
249.5264
249.6927
249.8912
250.0683
250.4567
250.6476
250.6986
250.8273
251.0130
251.2060
251.3958
251.5744
251.7861
251.9508
252.3180
252.7268
252.9505
253.0947
253.2982
253.4771
253.6608
253.8514
254.0374
254.2301
254.4886
254.5855
254.7874
254.9537
255.3188
255.5523
255.7383
255.9367
256.1031
256.3100
256.4810
256.6783
256.8619
257.0547
257.2316
257.4901
257.6000
257.8059
257.9571
258.3180
258.5546
258.7420
258.9338
259.1030
259.3040
259.4857
259.6713
259.8538
260.0361
260.2347
260.5893
260.8014
260.9598
261.1812
261.3046
261.5361
261.7030
261.9016
262.0800
262.4655
262.7096
262.8372
263.0243
263.2149
263.4070
263.5847
263.7956
263.9601
264.3290
264.7354
265.1047
265.3080
265.4862
265.6717
265.8619
266.0471
266.2399
266.4991
266.5958
266.7993
266.9648
267.3283
267.5623
267.7492
267.9500
268.1135
268.3209
268.4899
268.6895
268.8721
269.0613
269.2409
269.5005
269.6104
269.8152
269.9662
270.3299
270.3818
270.5644
270.7525
270.9442
271.1131
271.3147
271.4951
271.6818
271.8649
272.0468
272.2462
272.5998
272.8123
272.9700
273.1905
273.3131
273.5486
273.7137
273.9109
274.0887
274.4769
274.7177
274.8495
275.0342
275.2253
275.4173
275.5955
275.8094
275.9718
276.3349
277.3495
278.0990
278.6304
279.0069
279.7577
280.3512
280.7256
281.1023
281.6359
282.0113
282.3892
282.7589
283.3535
284.1032
284.6338
285.0120
285.3879
285.9817
286.5116