1.849579	1.849579	
2.575202	2.575202	
3.028717	3.028717	
3.618286	3.618286	
4.162504	4.162504	
4.752073	4.752073	
5.296291	5.296291	
5.749805	5.749805	
5.885860	5.885860	
6.203320	6.203320	
6.792889	6.792889	
7.563864	7.563864	
8.017379	8.017379	
8.153433	8.153433	
8.470894	8.470894	
9.060463	9.060463	
9.831438	9.831438	
10.284953	10.284953	
10.466359	10.466359	
10.738467	10.738467	
11.328037	11.328037	
11.917606	11.917606	
12.144363	12.144363	
12.597878	12.597878	
12.733932	12.733932	
13.006041	13.006041	
13.595610	13.595610	
14.139828	14.139828	
14.457288	14.457288	
15.046857	15.046857	
15.591075	15.591075	
15.863184	15.863184	
16.407402	16.407402	
16.498105	16.498105	
16.724862	16.724862	
16.996971	16.996971	
17.269080	17.269080	
17.586540	17.586540	
17.858649	17.858649	
18.130758	18.130758	
18.992436	18.992436	
19.582005	19.582005	
20.126223	20.126223	
20.670440	20.670440	
21.260009	21.260009	
21.577470	21.577470	
21.849579	21.849579	
21.985633	21.985633	
22.121687	22.121687	
22.439148	22.439148	
22.756608	22.756608	
23.572935	23.572935	
24.117152	24.117152	
24.706721	24.706721	
24.978830	24.978830	
25.296291	25.296291	
25.840508	25.840508	
26.430077	26.430077	
26.974295	26.974295	
27.337107	27.337107	
27.609216	27.609216	
28.108082	28.108082	
28.425542	28.425542	
28.652300	28.652300	
28.969760	28.969760	
29.241869	29.241869	
29.559329	29.559329	
29.831438	29.831438	
30.103547	30.103547	
30.421007	30.421007	
30.693116	30.693116	
30.965225	30.965225	
31.237334	31.237334	
31.418740	31.418740	
31.736200	31.736200	
31.872254	31.872254	
32.189715	32.189715	
32.688581	32.688581	
33.232799	33.232799	
33.913071	33.913071	
34.457288	34.457288	
35.001506	35.001506	
35.545724	35.545724	
35.863184	35.863184	
36.135293	36.135293	
36.452753	36.452753	
36.724862	36.724862	
37.269080	37.269080	
37.904000	37.904000	
38.448218	38.448218	
39.037787	39.037787	
39.582005	39.582005	
40.080871	40.080871	
40.443683	40.443683	
41.033252	41.033252	
41.350712	41.350712	
41.577470	41.577470	
41.849579	41.849579	
42.439148	42.439148	
42.983365	42.983365	
43.572935	43.572935	
44.117152	44.117152	
44.434613	44.434613	
44.752073	44.752073	
44.978830	44.978830	
45.250939	45.250939	
45.477696	45.477696	
45.613751	45.613751	
45.885860	45.885860	
46.475429	46.475429	
47.019647	47.019647	
47.563864	47.563864	
48.153433	48.153433	
48.743003	48.743003	
49.015111	49.015111	
49.287220	49.287220	
49.559329	49.559329	
50.012844	50.012844	
50.103547	50.103547	
50.421007	50.421007	
50.693116	50.693116	
51.010576	51.010576	
51.282685	51.282685	
51.554794	51.554794	
51.736200	51.736200	
52.008309	52.008309	
52.280418	52.280418	
52.416472	52.416472	
52.733932	52.733932	
53.006041	53.006041	
53.278150	53.278150	
53.595610	53.595610	
53.867719	53.867719	
54.049125	54.049125	
54.321234	54.321234	
54.593343	54.593343	
54.774749	54.774749	
55.046857	55.046857	
55.591075	55.591075	
56.135293	56.135293	
56.724862	56.724862	
57.269080	57.269080	
57.767946	57.767946	
57.994703	57.994703	
58.176109	58.176109	
58.312164	58.312164	
58.448218	58.448218	
58.629624	58.629624	
58.811030	58.811030	
58.947084	58.947084	
59.083139	59.083139	
59.309896	59.309896	
59.536653	59.536653	
60.171574	60.171574	
60.715792	60.715792	
61.305361	61.305361	
61.849579	61.849579	
62.121687	62.121687	
62.257742	62.257742	
62.484499	62.484499	
62.756608	62.756608	
63.028717	63.028717	
63.300826	63.300826	
63.572935	63.572935	
64.162504	64.162504	
64.343910	64.343910	
64.479964	64.479964	
64.706721	64.706721	
64.978830	64.978830	
65.341642	65.341642	
65.477696	65.477696	
65.613751	65.613751	
65.885860	65.885860	
66.157969	66.157969	
66.475429	66.475429	
67.019647	67.019647	
67.563864	67.563864	
68.153433	68.153433	
68.743003	68.743003	
69.332572	69.332572	
69.876789	69.876789	
70.012844	70.012844	
70.148898	70.148898	
70.421007	70.421007	
70.738467	70.738467	
71.055928	71.055928	
71.554794	71.554794	
72.144363	72.144363	
72.733932	72.733932	
73.278150	73.278150	
73.822368	73.822368	
74.094477	74.094477	
74.411937	74.411937	
74.729397	74.729397	
75.001506	75.001506	
75.318966	75.318966	
75.591075	75.591075	
75.863184	75.863184	
75.999238	75.999238	
76.362050	76.362050	
76.498105	76.498105	
76.770213	76.770213	
77.042322	77.042322	
77.178377	77.178377	
77.314431	77.314431	
77.541189	77.541189	
77.722594	77.722594	
77.949352	77.949352	
78.130758	78.130758	
78.357515	78.357515	
78.992436	78.992436	
79.128490	79.128490	
79.264545	79.264545	
79.445950	79.445950	
79.536653	79.536653	
79.672708	79.672708	
79.808762	79.808762	
79.944817	79.944817	
80.126223	80.126223	
80.262277	80.262277	
80.398331	80.398331	
80.625089	80.625089	
81.305361	81.305361	
81.396064	81.396064	
81.577470	81.577470	
81.713524	81.713524	
81.849579	81.849579	
81.985633	81.985633	
82.121687	82.121687	
82.303093	82.303093	
82.439148	82.439148	
82.575202	82.575202	
82.756608	82.756608	
82.983365	82.983365	
83.572935	83.572935	
83.663638	83.663638	
83.845043	83.845043	
84.026449	84.026449	
84.162504	84.162504	
84.298558	84.298558	
84.434613	84.434613	
84.616018	84.616018	
84.752073	84.752073	
84.888127	84.888127	
85.024182	85.024182	
85.341642	85.341642	
85.840508	85.840508	
85.976563	85.976563	
86.157969	86.157969	
86.294023	86.294023	
86.430077	86.430077	
86.611483	86.611483	
86.747538	86.747538	
86.883592	86.883592	
87.064998	87.064998	
87.201052	87.201052	
87.337107	87.337107	
87.518513	87.518513	
87.881325	87.881325	
88.198785	88.198785	
88.606948	88.606948	
88.743003	88.743003	
89.060463	89.060463	
89.332572	89.332572	
89.604681	89.604681	
89.876789	89.876789	
90.421007	90.421007	
91.010576	91.010576	
91.645497	91.645497	
92.144363	92.144363	
92.779284	92.779284	
92.960690	92.960690	
93.187447	93.187447	
93.504907	93.504907	
93.640962	93.640962	
93.913071	93.913071	
94.139828	94.139828	
94.457288	94.457288	
95.046857	95.046857	
95.636427	95.636427	
96.225996	96.225996	
96.679511	96.679511	
97.269080	97.269080	
97.904000	97.904000	
98.493569	98.493569	
98.992436	98.992436	
99.264545	99.264545	
99.627356	99.627356	
99.808762	99.808762	
100.080871	100.080871	
100.352980	100.352980	
100.489034	100.489034	
100.761143	100.761143	
101.169306	101.169306	
101.849579	101.849579	
102.439148	102.439148	
102.620554	102.620554	
102.892662	102.892662	
103.572935	103.572935	
103.754340	103.754340	
103.890395	103.890395	
104.071801	104.071801	
104.207855	104.207855	
104.343910	104.343910	
104.706721	104.706721	
104.933479	104.933479	
105.205588	105.205588	
105.477696	105.477696	
105.613751	105.613751	
105.885860	105.885860	
106.430077	106.430077	
106.611483	106.611483	
106.883592	106.883592	
107.201052	107.201052	
107.337107	107.337107	
107.609216	107.609216	
107.881325	107.881325	
108.198785	108.198785	
108.470894	108.470894	
108.743003	108.743003	
108.924409	108.924409	
109.196517	109.196517	
109.423275	109.423275	
109.604681	109.604681	
109.876789	109.876789	
110.511710	110.511710	
111.055928	111.055928	
111.600145	111.600145	
112.144363	112.144363	
112.688581	112.688581	
112.869987	112.869987	
113.051393	113.051393	
113.187447	113.187447	
113.368853	113.368853	
113.504907	113.504907	
113.640962	113.640962	
113.777016	113.777016	
113.958422	113.958422	
114.139828	114.139828	
114.411937	114.411937	
115.046857	115.046857	
115.591075	115.591075	
116.180644	116.180644	
116.770213	116.770213	
117.314431	117.314431	
117.904000	117.904000	
118.493569	118.493569	
118.674975	118.674975	
118.811030	118.811030	
119.083139	119.083139	
119.219193	119.219193	
119.355248	119.355248	
119.627356	119.627356	
120.171574	120.171574	
120.761143	120.761143	
121.350712	121.350712	
121.894930	121.894930	
122.484499	122.484499	
123.074068	123.074068	
123.618286	123.618286	
124.207855	124.207855	
124.706721	124.706721	
125.296291	125.296291	
125.885860	125.885860	
126.430077	126.430077	
127.019647	127.019647	
127.609216	127.609216	
128.153433	128.153433	
128.743003	128.743003	
129.287220	129.287220	
129.423275	129.423275	
129.604681	129.604681	
129.740735	129.740735	
129.876789	129.876789	
130.058195	130.058195	
130.194250	130.194250	
130.330304	130.330304	
130.511710	130.511710	
130.647765	130.647765	
130.783819	130.783819	
131.055928	131.055928	
131.554794	131.554794	
132.099012	132.099012	
132.688581	132.688581	
133.278150	133.278150	
133.867719	133.867719	
134.457288	134.457288	
134.956155	134.956155	
135.591075	135.591075	
136.180644	136.180644	
136.316699	136.316699	
136.498105	136.498105	
136.634159	136.634159	
136.770213	136.770213	
136.951619	136.951619	
137.087674	137.087674	
137.223728	137.223728	
137.359783	137.359783	
137.541189	137.541189	
137.677243	137.677243	
137.949352	137.949352	
138.538921	138.538921	
139.128490	139.128490	
139.718059	139.718059	
140.352980	140.352980	
140.897198	140.897198	
141.486767	141.486767	
142.076336	142.076336	
142.665905	142.665905	
143.210123	143.210123	
143.799692	143.799692	
144.479964	144.479964	
145.114885	145.114885	
145.704454	145.704454	
145.840508	145.840508	
145.976563	145.976563	
146.157969	146.157969	
146.294023	146.294023	
146.475429	146.475429	
146.656835	146.656835	
146.792889	146.792889	
146.974295	146.974295	
147.110350	147.110350	
147.246404	147.246404	
147.382458	147.382458	
147.790622	147.790622	
151.055928	151.055928	
151.600145	151.600145	
151.645497	151.645497	
151.736200	151.736200	
151.826903	151.826903	
151.917606	151.917606	
153.777016	153.777016	
153.913071	153.913071	
154.094477	154.094477	
154.230531	154.230531	 
