0.0424
0.2118
0.6718
0.7861
0.9445
1.0356
1.1711
1.2265
1.3662
1.5115
1.6754
1.8378
1.9265
2.0869
2.1797
2.2937
2.3669
2.4246
2.4996
2.6666
2.8093
2.9042
3.0657
3.2282
3.3222
3.3921
3.4768
3.6505
3.7948
3.9354
4.0969
4.1570
4.2125
4.3741
4.4665
4.6654
4.7932
4.9536
5.0189
5.1402
5.3627
5.5296
5.6102
5.7323
5.8973
6.0952
6.1797
6.3810
6.5068
6.5609
6.6159
6.7531
6.9527
7.0790
7.2385
7.3290
7.4287
7.5220
7.6542
7.8115
7.8940
8.0948
8.1830
8.3803
8.5128
8.6689
8.7926
8.8556
9.0376
9.2389
9.3576
9.5073
9.6203
9.7044
9.8073
9.9377
10.0982
10.1798
10.3832
10.4694
10.6669
10.8006
10.9528
11.0788
11.2381
11.3213
11.5252
11.5898
11.6540
11.7996
11.9027
12.0959
12.2222
12.3816
12.4660
12.6221
12.7578
12.9542
13.0854
13.2392
13.3601
13.5173
13.6093
13.7894
13.8743
13.9262
13.9820
14.0806
14.1887
14.3731
14.4933
14.6539
14.7531
14.9137
15.0663
15.2293
15.3519
15.5242
15.6369
15.7993
15.8976
16.0116
16.1060
16.2155
16.3749
16.4745
16.6586
16.7823
16.9502
17.0390
17.1737
17.2261
17.3581
17.5190
17.6362
17.8066
17.8706
17.9277
18.0784
18.1837
18.3916
18.4977
18.6671
18.7620
19.0808
19.1510
19.2262
19.2965
19.5116
19.6416
19.7112
19.7977
19.9244
20.0460
20.2094
20.3721
20.4712
20.6567
20.7820
20.9535
21.0478
21.2355
21.3308
21.5263
21.6116
21.7985
21.9275
22.0879
22.2072
22.3725
22.4993
22.6527
22.7179
22.9720
23.0817
23.2396
23.3330
23.5157
23.6387
23.7006
23.9008
24.0887
24.2200
24.3785
24.4970
24.6243
24.7809
24.9082
25.0405
25.2414
25.3617
25.5254
25.6203
25.8025
26.0047
26.0857
26.1832
26.3740
26.5055
26.6143
26.7817
26.9483
27.0660
27.2234
27.3281
27.4403
27.5220
27.6405
27.8134
27.9064
28.0869
28.2207
28.3757
28.4766
28.6288
28.7881
28.9470
29.0482
29.2275
29.3568
29.5149
29.6203
29.8001
29.9339
30.0889
30.1928
30.3702
30.5071
30.6616
30.7623
30.9397
31.0074
31.0800
31.2238
31.3343
31.5398
31.6390
31.7961
31.9501
32.0905
32.2143
32.3906
32.4766
32.6569
32.7875
32.9445
33.0694
33.1450
33.2277
33.5159
33.6444
33.7957
33.9236
34.0900
34.1843
34.3032
34.3736
34.4992
34.7398
34.8726
34.9473
35.2298
35.3279
35.5195
35.6465
35.7592
35.9087
36.0966
36.2151
36.2912
36.3696
36.4717
36.6598
36.7853
36.9237
37.0498
37.2298
37.3580
37.5131
37.6137
37.8052
37.9395
38.0854
38.1946
38.2754
38.3685
38.5046
38.6219
38.7578
38.9144
39.0531
39.2219
39.3358
39.4424
39.5222
39.8027
39.9002
40.0904
40.2163
40.3756
40.4821
40.6491
40.7888
40.8603
40.9445
41.0431
41.2288
41.3573
41.4986
41.6208
41.9333
42.1146
42.1853
42.3954
42.4675
42.6750
42.7705
42.9587
43.0786
43.1513
43.2173
43.3309
43.5117
43.6156
43.7902
43.9075
44.1727
44.2914
44.3992
44.4728
44.6784
44.7538
44.9636
45.0546
45.2450
45.3609
45.4377
45.6162
46.1943
46.3742
46.5042
46.6634
46.7565
47.0891
47.2321
47.3408
47.5270
47.6399
47.8056
47.9020
48.0168
48.0881
48.2163
48.3574
48.4570
48.5893
48.6660
48.9457
49.0444
49.2345
49.3623
49.4762
49.6257
49.8121
49.9312
50.0066
50.0888
50.1869
50.3049
50.3752
50.5020
50.6576
50.7482
50.8082
50.9777
51.0783
51.2507
51.3273
51.5393
51.6124
51.8188
51.9159
52.0861
52.2222
52.2935
52.3849
52.4738
52.6606
52.7911
52.9348
53.0527
53.3651
53.4363
53.5372
53.6172
53.8224
53.9006
54.1059
54.1987
54.3897
54.5045
54.5801
54.6435
54.7608
54.9190
55.0503
55.2470
55.3757
55.6237
55.8072
55.9461
56.0444
56.2303
56.3743
56.5100
56.7055
56.7935
56.8757
56.9510
57.0801
57.2383
57.3739
57.5373
57.6529
57.7716
57.9348
58.0898
58.2225
58.3399
58.5166
58.6629
58.7927
58.8476
59.0238
59.0773
59.2401
59.3603
59.6433
59.7029
59.8042
59.9110
60.0910
60.2161
60.3759
60.4752
60.6351
60.7918
60.9520
61.0580
61.2482
61.3581
61.5218
61.6189
62.0967
62.1967
62.3842
62.6733
62.7611
62.9004
62.9520
63.0829
63.2424
63.3413
63.5282
63.5931
63.6480
63.8068
63.9034
64.1174
64.2280
64.3812
64.4826
64.7007
64.8710
64.9464
65.0185
65.2055
65.3637
65.4396
65.5217
65.6292
65.7590
65.9312
66.0955
66.1922
66.3744
66.5029
66.6749
66.7683
66.9574
67.0744
67.2552
67.3336
67.5231
67.6496
67.8115
67.9145
68.0963
68.2269
68.3867
68.4376
68.6398
68.8031
68.9643
69.0546
69.2316
69.3710
69.6201
69.8098
69.8799
69.9382
70.1044
70.2010
70.3400
70.5028
70.6295
70.7646
70.9639
71.0413
71.2473
71.3408
71.4956
71.5644
71.6540
71.7434
71.8092
71.9046
72.0964
72.2246
72.3776
72.4870
72.6805
72.7944
72.9537
73.0492
73.2063
73.3674
73.5210
73.6270
73.8071
73.9465
74.1007
74.1908
74.3814
74.5140
74.6671
74.7731
74.9566
75.0888
75.2444
75.3362
75.5216
75.5901
75.6568
75.8065
75.9132
76.1052
76.2339
76.3900
76.4773
76.6228
76.6768
76.7994
76.9043
77.0541
77.2344
77.3685
77.5349
77.6272
77.7717
77.9364
78.0891
78.1988
78.3812
78.5109
78.6879
78.7646
78.9378
79.0666
79.2531
79.3452
79.5382
79.6384
79.7924
79.9084
80.0779
80.2078
80.3821
80.4867
80.6675
80.7955
80.9730
81.0508
81.2236
81.3784
81.5053
81.6319
81.7937
81.9132
82.0795
82.1952
82.3847
82.5057
82.6612
82.7720
82.9548
83.0834
83.2580
83.3378
83.5391
83.6666
83.7925
83.9183
84.1116
84.2097
84.3639
84.4828
84.6509
84.7779
84.9065
85.0583
85.2427
85.3655
85.5440
85.6222
85.8245
85.9122
86.1103
86.2054
86.3973
86.5188
86.6479
86.7685
86.9578
87.0779
87.2341
87.3652
87.5243
87.6524
87.8071
87.9344
88.0138
88.0954
88.3824
88.5139
88.6681
88.7906
88.9548
89.0788
89.1706
89.2387
89.3659
89.6087
89.7389
89.8156
90.0943
90.1946
90.3850
90.5136
90.6275
90.7761
90.9629
91.0823
91.1563
91.2359
91.3378
91.5253
91.6517
91.7903
91.9139
92.0967
92.2241
92.3815
92.4815
92.7908
92.9584
93.0623
93.2529
93.3695
93.5316
93.6242
93.8072
93.9391
94.0884
94.2014
94.3098
94.3900
94.6698
94.7678
94.9609
95.0854
95.2409
95.3486
95.5184
95.6549
95.7251
95.8091
95.9105
96.0952
96.2254
96.3660
96.4875
96.6047
96.7541
96.9733
97.0524
97.2610
97.3409
97.5402
97.6346
97.8252
97.9433
98.0177
98.1130
98.1951
98.3802
98.4858
98.5884
98.6595
98.7749
98.8866
98.9631
99.0863
99.1600
99.2232
99.3382
99.5456
99.6243
99.8301
99.9195
100.1117
100.2294
100.3029
100.3671
100.4868
100.5982
100.6973
100.8004
100.8698
100.9590
101.0617
101.2095
101.3737
101.5280
101.6243
101.7763
101.9562
102.0989
102.2062
102.2710
102.4260
102.5149
102.6758
102.7696
102.9518
103.0745
103.2531
103.3490
103.5013
103.6587
103.8143
103.9112
104.0988
104.2082
104.3851
104.4932
104.5744
104.6898
104.7468
104.7996
104.9612
105.0560
105.2546
105.3609
105.5395
105.6359
105.9337
106.1150
106.1971
106.4070
106.4844
106.6847
106.7822
106.9705
107.0904
107.1598
107.2329
107.3392
107.5271
107.6281
107.7370
107.8020
107.9186
108.0311
108.1048
108.2304
108.3054
108.3684
108.4830
108.6893
108.7698
108.9747
109.0653
109.2553
109.3727
109.4445
109.5167
109.6305
109.8118
109.9446
110.0161
110.1048
110.2052
110.3543
110.5224
110.6717
110.7699
110.9159
111.0987
111.2428
111.3526
111.4177
111.5708
111.6624
111.8173
111.9130
112.0943
112.2195
112.3945
112.4926
112.6355
112.8018
112.9581
113.0549
113.2443
113.3837
113.5310
113.6372
113.7169
113.8302
113.8909
113.9455
114.1072
114.1995
114.3958
114.5144
114.6782
114.7780
114.9266
115.2623
115.3415
115.4979
115.6292
115.8295
115.9217
116.1151
116.2416
116.3993
116.4846
116.6678
116.7913
116.9698
117.0643
117.1972
117.2760
117.3751
117.4499
117.5453
117.6454
117.8292
117.9549
118.1157
118.2088
118.4015
118.5278
118.6855
118.7785
118.9750
119.0987
119.2561
119.3488
119.4874
119.6710
119.8206
119.9152
120.0708
120.2028
120.4000
120.4968
120.6887
120.7724
120.9719
121.0593
121.2385
121.3530
121.5426
121.6351
121.7702
121.8404
122.1146
122.2014
122.4033
122.4975
122.6867
122.7830
122.9731
123.0977
123.2566
123.3413
123.5100
123.6351
123.8000
123.9221
124.0136
124.0984
124.3007
124.3935
124.4867
124.6356
124.7755
124.9733
125.0697
125.2300
125.3801
125.5288
125.6291
125.7363
125.8438
125.9184
126.1039
126.2093
126.3445
126.5938
126.6916
126.7722
126.9343
127.0608
127.2600
127.3538
127.5347
127.6727
127.7359
127.9155
128.0191
128.1266
128.1994
128.2884
128.3930
128.4908
128.6319
128.8773
128.9775
129.0590
129.2214
129.3509
129.5001
129.6403
129.8207
129.9599
130.1239
130.2027
130.3046
130.4117
130.4863
130.5728
130.6768
130.7787
130.9145
131.1712
131.2647
131.3454
131.5079
131.6342
131.8311
131.9268
132.1073
132.2449
132.3111
132.4100
132.4898
132.5910
132.7004
132.7708
132.8213
132.9630
133.0641
133.1980
133.3095
133.3866
133.4557
133.5496
133.6329
133.7926
133.9583
134.1174
134.2140
134.3951
134.5339
134.7773
134.8884
134.9928
135.0647
135.1524
135.2601
135.3580
135.5017
135.6841
135.7511
135.8477
135.9305
136.0941
136.2242
136.4214
136.5187
136.7003
136.8407
136.9070
137.0130
137.0873
137.1981
137.3054
137.3795
137.4685
137.5791
137.6822
137.8256
138.0830
138.1859
138.2712
138.4408
138.6109
138.7785
138.8770
139.0670
139.2087
139.4662
139.5779
139.6835
139.7634
139.8520
139.9625
140.0674
140.2137
140.4032
140.4683
140.5763
140.6600
140.8309
140.9606
141.1659
141.2627
141.4530
141.5976
141.7711
141.8474
141.9604
142.0623
142.1357
142.2186
142.3222
142.4237
142.5647
142.6215
142.8110
142.9178
143.0041
143.1748
143.3465
143.5165
143.6183
143.8163
143.9694
144.1575
144.2496
144.3669
144.4878
144.5746
144.6294
144.7975
144.9231
145.1008
145.2320
145.3961
145.4594
145.5168
145.6207
145.8290
146.0386
146.1362
146.2204
146.3559
146.6606
146.8842
146.9416
147.1481
147.2765
147.4342
147.6009
147.7230
147.7893
147.8580
148.0197
148.1832
148.4551
148.5362
148.6387
148.8269
148.9533
149.1287
149.1962
149.4073
149.6108
149.6855
149.8605
150.0961
150.4528
150.6589
150.7661
151.1589
151.3418
151.6759
151.7638
152.0522
152.2465
152.3386
152.7337
152.8205
152.9946
153.0876
153.2117
153.3779
153.4529
153.7018
153.8943
153.9711
154.6599