1.8496
2.5752
3.0287
3.6183
4.1625
4.7521
5.2963
5.7498
5.8859
6.2033
6.7929
7.5639
8.0174
8.1534
8.4709
9.0605
9.8314
10.2850
10.4664
10.7385
11.3280
11.9176
12.1444
12.5979
12.7339
13.0060
13.5956
14.1398
14.4573
15.0469
15.5911
15.8632
16.4074
16.4981
16.7249
16.9970
17.2691
17.5865
17.8586
18.1308
18.9924
19.5820
20.1262
20.6704
21.2600
21.5775
21.8496
21.9856
22.1217
22.4391
22.7566
23.5729
24.1172
24.7067
24.9788
25.2963
25.8405
26.4301
26.9743
27.3371
27.6092
28.1081
28.4255
28.6523
28.9698
29.2419
29.5593
29.8314
30.1035
30.4210
30.6931
30.9652
31.2373
31.4187
31.7362
31.8723
32.1897
32.6886
33.2328
33.9131
34.4573
35.0015
35.5457
35.8632
36.1353
36.4528
36.7249
37.2691
37.9040
38.4482
39.0378
39.5820
40.0809
40.4437
41.0333
41.3507
41.5775
41.8496
42.4391
42.9834
43.5729
44.1172
44.4346
44.7521
44.9788
45.2509
45.4777
45.6138
45.8859
46.4754
47.0196
47.5639
48.1534
48.7430
49.0151
49.2872
49.5593
50.0128
50.1035
50.4210
50.6931
51.0106
51.2827
51.5548
51.7362
52.0083
52.2804
52.4165
52.7339
53.0060
53.2781
53.5956
53.8677
54.0491
54.3212
54.5933
54.7747
55.0469
55.5911
56.1353
56.7249
57.2691
57.7679
57.9947
58.1761
58.3122
58.4482
58.6296
58.8110
58.9471
59.0831
59.3099
59.5367
60.1716
60.7158
61.3054
61.8496
62.1217
62.2577
62.4845
62.7566
63.0287
63.3008
63.5729
64.1625
64.3439
64.4800
64.7067
64.9788
65.3416
65.4777
65.6138
65.8859
66.1580
66.4754
67.0196
67.5639
68.1534
68.7430
69.3326
69.8768
70.0128
70.1489
70.4210
70.7385
71.0559
71.5548
72.1444
72.7339
73.2781
73.8224
74.0945
74.4119
74.7294
75.0015
75.3190
75.5911
75.8632
75.9992
76.3620
76.4981
76.7702
77.0423
77.1784
77.3144
77.5412
77.7226
77.9494
78.1308
78.3575
78.9924
79.1285
79.2645
79.4459
79.5367
79.6727
79.8088
79.9448
80.1262
80.2623
80.3983
80.6251
81.3054
81.3961
81.5775
81.7135
81.8496
81.9856
82.1217
82.3031
82.4391
82.5752
82.7566
82.9834
83.5729
83.6636
83.8450
84.0264
84.1625
84.2986
84.4346
84.6160
84.7521
84.8881
85.0242
85.3416
85.8405
85.9766
86.1580
86.2940
86.4301
86.6115
86.7475
86.8836
87.0650
87.2011
87.3371
87.5185
87.8813
88.1988
88.6069
88.7430
89.0605
89.3326
89.6047
89.8768
90.4210
91.0106
91.6455
92.1444
92.7793
92.9607
93.1874
93.5049
93.6410
93.9131
94.1398
94.4573
95.0469
95.6364
96.2260
96.6795
97.2691
97.9040
98.4936
98.9924
99.2645
99.6274
99.8088
100.0809
100.3530
100.4890
100.7611
101.1693
101.8496
102.4391
102.6206
102.8927
103.5729
103.7543
103.8904
104.0718
104.2079
104.3439
104.7067
104.9335
105.2056
105.4777
105.6138
105.8859
106.4301
106.6115
106.8836
107.2011
107.3371
107.6092
107.8813
108.1988
108.4709
108.7430
108.9244
109.1965
109.4233
109.6047
109.8768
110.5117
111.0559
111.6001
112.1444
112.6886
112.8700
113.0514
113.1874
113.3689
113.5049
113.6410
113.7770
113.9584
114.1398
114.4119
115.0469
115.5911
116.1806
116.7702
117.3144
117.9040
118.4936
118.6750
118.8110
119.0831
119.2192
119.3552
119.6274
120.1716
120.7611
121.3507
121.8949
122.4845
123.0741
123.6183
124.2079
124.7067
125.2963
125.8859
126.4301
127.0196
127.6092
128.1534
128.7430
129.2872
129.4233
129.6047
129.7407
129.8768
130.0582
130.1943
130.3303
130.5117
130.6478
130.7838
131.0559
131.5548
132.0990
132.6886
133.2782
133.8677
134.4573
134.9562
135.5911
136.1806
136.3167
136.4981
136.6342
136.7702
136.9516
137.0877
137.2237
137.3598
137.5412
137.6772
137.9494
138.5389
139.1285
139.7181
140.3530
140.8972
141.4868
142.0763
142.6659
143.2101
143.7997
144.4800
145.1149
145.7045
145.8405
145.9766
146.1580
146.2940
146.4754
146.6568
146.7929
146.9743
147.1104
147.2464
147.3825
147.7906
151.0559
151.6001
151.6455
151.7362
151.8269
151.9176
153.7770
153.9131
154.0945
154.2305
