0.0454
2.7413
5.4091
8.0764
10.7411
11.0715
11.4024
11.7386
12.0692
12.4025
12.7366
13.0759
13.4049
13.7364
14.0728
14.4029
14.7401
15.0702
15.4015
15.7452
16.0701
16.4064
16.7366
17.0678
17.4038
17.7351
18.0716
18.4100
18.7400
19.0700
19.4014
19.7454
20.0696
20.4057
20.7359
21.0755
21.4031
21.7346
22.0720
22.4017
22.7376
23.0694
23.4010
23.7443
24.0685
24.4054
24.7360
25.0730
25.4031
25.7406
26.0714
26.3816
26.7393
27.0700
27.4068
27.7370
28.0681
28.4043
28.7359
29.0754
29.4037
29.7402
30.0713
30.4091
30.7389
31.0693
31.4068
31.7431
31.9112
32.0745
32.4048
32.7414
33.0721
33.4029
33.7400
34.0712
34.4091
34.7385
35.0703
35.4065
35.7361
36.0701
36.4038
36.7415
37.0490
37.4038
37.7396
38.0708
38.4071
38.7372
39.0700
39.4058
39.7438
40.0733
40.4038
40.7414
41.0784
41.4035
41.7390
42.0696
42.4065
42.5774
42.7404
44.0620
44.4267
44.7473
45.0960
45.4050
48.0317
50.7370
52.0712
52.7383
53.4077
54.8091
55.1407
55.4595
55.7931
56.0753
58.7424
61.4122
64.0692
64.4014
64.7388
65.0685
65.4001
65.7363
66.0739
66.4111
66.7351
67.0722
67.4028
67.7396
68.0698
68.4016
68.7380
69.0769
69.4060
69.7368
70.0737
70.4038
70.7347
71.0712
71.4039
71.7439
72.0718
72.4051
72.7382
73.0761
73.4054
73.7363
74.0734
74.4099
74.5779
74.7407
75.0715
75.4084
75.7389
76.0700
76.4067
76.7373
77.0755
77.4049
77.7374
78.0732
78.4030
78.7401
79.0706
79.4083
79.7171
80.0703
80.4063
80.7376
81.0739
81.4038
81.7355
82.0726
82.4103
82.7378
83.0706
83.4081
83.7451
84.0697
84.4058
84.7362
85.0733
85.2444
85.4032
85.7347
86.0719
86.4018
86.7334
87.0693
87.4033
87.7438
88.0687
88.4055
88.7360
89.0730
89.4031
89.7358
90.0714
90.4092
90.6998
91.0701
91.4070
91.7372
92.0681
92.4045
92.7359
93.0767
93.4044
93.7364
94.0717
94.4091
94.7388
95.0693
95.4068
95.7432
95.9102
96.0743
96.4048
96.7415
97.0722
97.4026
97.7401
98.0713
98.4092
98.7386
99.0702
99.4064
99.7361
100.0712
100.4038
100.7416
101.0785
101.4032
101.7398
102.0713
102.4071
102.7371
103.0746
103.4058
103.7432
104.0734
104.4041
104.7414
105.0783
105.4029
105.7391
106.0695
106.4067
106.5776
106.7362
107.0681
107.4042
107.7348
108.0668
108.4024
108.7344
109.0774
109.4020
109.7389
110.0687
110.4064
110.7363
111.0678
111.4039
111.7425
112.0317
112.4034
112.7399
113.0701
113.4014
113.7375
114.0688
114.4118
114.7373
115.0704
115.4040
115.7430
116.0720
116.4030
116.7390
117.0773
117.4087
118.8090
119.1407
119.4597
119.7930
120.0754
122.7424
125.4123