0.0259
0.4201
0.8147
1.2137
1.6092
2.0036
2.3981
2.7948
3.1879
3.5846
3.7814
3.9787
4.1788
4.3757
4.7697
5.1681
5.3636
5.5613
5.7607
5.9591
6.3530
6.7508
6.9472
7.1446
7.5432
7.9374
8.3332
8.5302
8.7282
8.9261
9.1270
9.3219
9.5217
9.9171
10.1139
10.3112
10.5106
10.7084
11.1023
11.5007
11.6965
11.8942
12.0944
12.2923
12.6870
13.0832
13.2796
13.4775
13.8754
14.2690
14.6667
14.8627
15.0609
15.2605
15.4593
15.6565
15.8527
16.2506
16.4464
16.6439
16.8424
17.0412
17.4364
17.8324
18.0293
18.2268
18.4242
18.6252
19.0190
19.4159
19.6126
19.8101
20.2092
20.6022
20.9990
21.1963
21.3942
21.5917
21.7908
21.9874
22.1853
22.5833
22.7796
22.9759
23.1759
23.3743
23.7684
24.1654
24.3617
24.5592
24.7578
24.9581
25.3523
25.7487
25.9454
26.1424
26.5407
26.9336
27.3319
27.5289
27.7271
27.9254
28.1235
28.3215
28.5186
28.7172
28.9166
29.1130
29.3106
29.5080
29.7067
29.9049
30.1019
30.3000
30.4986
30.6968
30.8932
31.0908
31.2909
31.4873
31.6850
31.8837
32.0820
32.2797
32.4764
32.6734
32.8734
33.0705
33.2674
33.4665
33.6656
33.8624
34.0606
34.2583
34.4552
34.6537
34.8514
35.0495
35.2495
35.4473
35.6446
35.8417
36.0394
36.2373
36.4339
36.6332
36.8312
37.0285
37.2258
37.4240
37.6241
37.8202
38.0177
38.2168
38.4145
38.6129
38.8092
39.0073
39.2054
39.4037
39.6005
39.7993
39.9987
40.1951
40.3926
40.5910
40.7882
40.9864
41.1841
41.3822
41.5814
41.7784
41.9761
42.1733
42.3722
42.5703
42.7671
42.9659
43.1642
43.3607
43.5582
43.7565
43.9571
44.1526
44.3498
44.5485
44.7479
44.9469
45.1421
45.3391
45.5384
45.7361
45.9330
46.1317
46.3309
46.5275
46.7257
46.9239
47.1203
47.3195
47.5169
47.7142
47.9125
48.1096
48.3084
48.5074
48.7058
48.9015
49.1008
49.2979
49.4958
49.6939
49.8920
50.0893
50.2877
50.4852
50.6818
50.8811
51.0789
51.2763
51.4735
51.6732
51.8720
52.0684
52.2654
52.4642
52.6613
52.8601
53.0572
53.2561
53.4548
53.6531
53.8472
54.2467
54.6412
54.8380
55.0395
55.4322
55.8300
56.4208
56.6210
57.0154
57.4136
57.8068
58.0048
58.2043
58.5984
58.7961
58.9973
59.1928
59.5907
59.7882
59.9857
60.1831
60.5793
61.1709
61.3716
61.7638
62.1627
62.3607
62.7537
62.9541
63.3484
63.7461
64.1392
64.3366
64.5374
64.9319
65.1288
65.3292
65.5253
65.9229
66.1215
66.3180
66.5159
66.9124
67.3062
67.5035
67.7040
68.0985
68.4955
69.0861
69.2867
69.6817
70.0800
70.6695
70.8699
71.2402
71.6617
72.2566
72.4531
72.6514
72.8487
73.2451
73.8357
74.0367
74.4296
74.8284
75.0242
75.4188
75.6188
76.0158
76.4121
76.8052
77.0017
77.2016
77.5641
77.9946
78.7863
78.9838
79.1797
79.3792
79.5778
79.7755
79.9719
80.1700
80.3680
80.5663
80.7630
80.9617
81.1597
81.3576
81.5544
81.7529
81.9525
82.1486
82.3464
82.5455
82.7429
82.9415
83.1376
83.3347
83.5340
83.7329
83.9282
84.1289
84.3271
84.5238
84.7216
84.9194
85.1171
85.3160
85.5123
85.7114
85.9108
86.1079
86.3054
86.5030
86.7010
86.8986
87.0956
87.2942
87.4927
87.6903
87.8874
88.0862
88.2853
88.4822
88.6793
88.8773
89.0759
89.2720
89.4705
89.6686
89.8682
90.0653
90.2626
90.4606
90.6592
90.8566
91.0544
91.2523
91.4491
91.6477
91.8448
92.0453
92.2434
92.4410
92.6375
92.8353
93.0340
93.2316
93.4287
93.6277
93.8256
94.0221
94.2202
94.4179
94.6177
94.8145
95.0120
95.2112
95.4088
95.6062
95.8035
96.0002
96.2000
96.3974
96.5942
96.7939
96.9920
97.1890
97.3869
97.5851
97.7821
97.9808
98.1821
98.9725
99.1691
99.3673
99.5640
99.7612
99.9595
100.1574
100.3554
100.5534
100.7512
100.9498
101.1470
101.3450
101.5429
101.7405
101.9383
102.1368
102.3339
102.5331
102.7295
102.9268
103.1262
103.3236
103.5211
103.7188
103.9179
104.1159
104.3135
104.5134
104.9095
105.1082
106.0974
106.6907
107.0834
107.2815
107.4800
107.6798
108.0754
108.2736
109.2631
109.8558
110.2513
110.4486
110.6466
110.8471
111.2436
111.4398
112.2371
112.4306
113.0236
113.4160
113.6147
113.8131
114.0135
114.4087
114.6061
115.5962
116.1894
116.5835
116.7819
116.9793
117.1767
117.3734
117.5745
117.7718
117.9699
118.1684
118.3660
118.5627
118.7598
118.9578
119.1563
119.3545
119.5525
119.7493
119.9469
120.1440
120.3420
120.5398
120.7391
120.9369
121.1347
121.3324
121.5306
121.7276
121.9259
122.1253
122.3229
122.5226
122.7175
122.9173
123.1139
123.3120
123.5091
123.7063
123.9038
124.1022
124.3002
124.4980
124.6970
124.8932
125.2920
125.6877
125.8832
126.0812
126.2793
126.4766
126.6753
126.8721
127.0696
127.2677
127.4656
127.6651
127.8635
128.0608
128.2589
128.5235
128.7867
129.0504
129.3151
129.5779
129.8421
130.0406
130.2382
130.4350
130.6336
130.8309
131.0288
131.2290
131.4246
131.6232
131.8210
132.0185
132.2164
132.4143
132.6128
132.8111
133.0081
133.2071
133.4041
133.6017
133.7994
133.9967
134.1955
134.3930
134.5912
134.7894
134.9870
135.1853
135.3825
135.5827
135.7802
135.9776
136.1750
136.3732
136.5711
136.7695
136.9665
137.1641
137.3619
137.5608
137.7572
137.9573
138.1532
138.3515
138.5497
138.7478
138.9453
139.1413
139.3407
139.5394
139.7366
139.9364
140.1322
140.3306
140.5278
140.7276
140.9243
141.1222
141.3198
141.5179
141.7166
141.9138
142.1122
142.3098
142.5075
142.7054
142.9038
143.1020
143.2994
143.4966
143.6948
143.8937
144.0903
144.2897
144.4856
144.6842