0.0473
0.4783
0.7067
0.9415
1.2643
1.4122
1.6400
1.6988
1.8746
1.9818
2.1263
2.3466
2.5735
2.8071
3.0460
3.7402
4.2113
4.4384
4.6733
5.1450
5.6094
6.0747
6.3112
6.5402
6.7791
7.0085
7.4724
7.7098
8.1731
8.4111
9.5741
9.8086
10.0413
10.2765
10.5098
10.7420
10.9754
11.0928
11.2029
11.4416
11.6758
11.7906
11.9082
12.1424
12.6065
12.8412
13.0693
13.3066
13.5410
13.7719
14.0083
14.2418
14.4689
14.7076
14.8239
14.9366
15.1730
15.4076
15.5218
15.6402
15.8734
16.1056
16.5713
16.8011
17.0401
17.2725
17.5046
17.7391
17.9722
18.2061
18.4390
18.5551
18.6670
18.9049
19.1378
19.2556
19.3708
19.6060
19.8357
20.0703
20.3037
20.5338
20.7705
21.0042
21.2372
21.4718
21.7048
22.1679
22.2836
22.3991
23.3387
23.5683
24.5041
24.7378
24.9662
25.2038
25.4371
25.6687
26.1319
26.3693
26.6021
26.8367
27.0691
27.3018
27.5353
27.6492
27.7695
27.9973
28.2345
28.4688
28.6979
28.9355
29.1697
29.3984
29.8637
30.1023
30.3355
30.4502
30.5685
30.8009
31.0341
31.2680
31.3813
31.5019
31.7291
31.9701
32.2022
32.4290
32.6672
32.9016
33.1310
33.5947
34.0644
34.5316
34.9991
35.2306
35.4659
35.9262
36.1672
36.6261
36.8622
37.3279
37.5633
37.7993
38.2644
39.1924
39.4313
39.6659
39.8938
40.1306
40.3602
40.5950
40.8288
40.9456
41.0592
41.2954
41.5286
41.6448
41.7592
41.9965
42.4613
42.9251
43.1624
43.3949
43.6266
43.8619
44.0921
44.3281
44.5596
44.6775
44.7911
45.0293
45.2620
45.3778
45.4918
45.7273
46.1930
46.4272
46.6572
46.8959
47.1284
47.3581
47.5944
47.8242
48.0600
48.2920
48.4096
48.5225
48.7596
48.9931
49.1094
49.2237
49.4595
49.9255
50.1595
50.3893
50.6263
50.8595
51.0890
51.3263
51.5561
51.7913
52.0269
52.1439
52.7239
52.9520
53.1863
53.6572
53.8848
54.1191
54.2406
54.3797
54.5072
54.5917
54.8183
54.9076
55.0515
55.2905
55.7507
55.9853
56.4559
56.6836
56.9188
57.3894
57.6161
57.8512
58.3234
58.5507
58.7829
59.0210
59.2527
59.4830
59.7171
60.1885
60.4149
60.6504
60.8243
61.1224
61.3487
61.4493
61.5822
61.7327
62.0537
62.2817
62.5157
62.6635
62.7547
63.2133
63.4496
65.3134
65.7903
66.0126
66.2556
66.4863
67.1833
67.6501
68.1195
69.2807
69.5185
69.7492
69.9846
70.4510
70.9109
71.3825
71.6164
71.8513
72.3193
72.7771
73.0141
73.2500
73.4813
73.7164
73.9432
74.1823
74.4163
74.5334
74.6449
75.1145
75.5835
76.0493
76.5087
76.7466
76.9817
77.2126
77.4480
77.9144
78.3752
78.8462
79.3153
79.7785
80.2406
80.4794
80.7132
80.9433
81.1800
81.6460
81.8771
81.9962
82.1092
82.5780
83.0450
84.2105
84.4442
84.6754
84.9109
85.3758
85.8403
86.3107
86.7773
87.7043
87.9415
88.1768
88.4096
88.6433
89.1106
89.3434
89.4599
89.6726
90.0042
90.2320
90.4657
90.7895
90.9368
91.1651
91.3994
91.5065
91.6511
91.8712
92.0982
92.3326
92.5738
93.0325
93.2651
93.6906
93.9635
94.1979
94.6697
95.1343
95.6032
95.8355