0.0297
1.0279
1.7883
2.1451
2.3582
2.5384
2.7073
2.8383
2.9988
3.2978
5.5999
5.8576
6.1292
6.3649
6.6155
7.7314
9.2594
11.2798
11.4195
14.1676
19.1298
20.1519
20.5254
20.9108
21.6224
21.9748
22.3180
22.6894
23.0768
23.8028
24.1792
24.5423
24.9195
25.9718
26.6905
27.4410
27.7691
28.1523
28.5191
28.8745
31.0612
32.1465
34.6658
35.7454
36.0993
36.4577
38.4044
38.4705
39.0687
43.7861
44.5402
44.9664
45.2884
48.4632
48.5215
49.1806
49.2530
49.5833
49.9514
50.7196
59.2509
60.3165
60.3945
61.3827
63.4304
63.8717
64.0951
64.5549
64.7747
65.8077
66.2991
66.4567
66.6013
67.4292
68.3430
68.8401
69.1634
69.3112
69.5249
70.5690
71.6437
74.6600
76.9440
78.7467
80.0004
80.1889
81.6212
81.7154
81.9802
83.6893
85.8406
86.2768
87.6650
88.0329
88.8429
89.4378
90.8450
91.9368
93.3432
94.4065
96.4179
99.2842
100.4327
102.5618
103.7359
105.9989
107.1874
109.0158
109.1648
109.7703
109.8759
110.4132
111.2118
111.9889
113.2040
113.5790
114.2834
114.4284
115.9599
116.7872
117.1135
117.6498
119.3948
120.0925
121.4039
121.7134
122.8662
126.5216