0.0718
0.1327
0.8623
1.3939
1.4905
1.5540
1.6463
2.0873
2.3736
2.9669
3.0703
3.4123
3.5992
3.8364
4.4640
4.5738
5.3053
5.8243
6.0690
6.8069
7.4378
7.5848
8.3421
8.6374
8.7408
8.9389
9.0893
9.7106
9.8024
9.8821
10.5723
10.6379
11.3662
11.9833
12.0377
12.4403
12.5994
12.6904
12.8144
13.1903
13.3516
13.4892
13.5649
13.6405
13.7412
13.9141
14.0975
14.3106
14.6689
14.8507
14.9602
15.0656
15.4401
15.6185
15.8122
16.1903
16.3624
16.5655
16.9402
17.1124
17.3079
17.6902
17.8561
18.0651
18.4393
18.6129
18.8036
19.1897
19.3468
19.5661
19.9402
20.1024
20.3144
20.6904
20.8543
21.0647
21.4397
21.5353
21.6070
21.8041
22.1692
22.3522
22.5658
22.9141
23.0442
23.1063
23.3095
23.6911
23.9750
24.0305
24.2308
24.4396
24.6052
24.7542
24.8082
25.1660
25.3545
25.4887
25.5641
25.6432
25.9392
26.1123
26.3150
26.6691
26.8619
26.9612
27.0662
27.2416
27.4401
27.6093
27.8141
28.1636
28.3523
28.5672
28.9397
29.1025
29.2521
29.3134
29.6899
29.8597
30.0132
30.0656
30.4393
30.6033
30.8049
31.1902
31.3590
31.5658
31.7335
31.9407
32.1044
32.3138
32.6658
32.8558
32.9416
33.0655
33.3836
33.4401
33.6013
33.8153
34.1905
34.3635
34.5003
34.5654
34.9154
35.1119
35.2084
35.3146
35.5859
35.6915
35.9686
36.0668
36.2665
36.4404
36.6097
36.8127
37.1697
37.3412
37.4412
37.5662
37.7300
37.9134
38.1016
38.3159
38.6647
38.8570
38.9404
39.0655
39.4405
39.6143
39.8081
40.1900
40.3536
40.4418
40.5675
40.9400
41.1046
41.3082
41.6905
41.8517
41.9412
42.0661
42.2189
42.4119
42.6165
42.8080
43.1566
43.3520
43.4421
43.5647
43.9394
44.1063
44.3134
44.6660
44.8547
44.9420
45.0665
45.2355
45.4390
45.6076
45.8124
46.1901
46.3520
46.4421
46.5651
46.9153
47.1156
47.3164
47.6710
47.8540
47.9658
48.0670
48.4399
48.6187
48.8057
49.1900
49.3546
49.4415
49.5661
49.9154
50.1163
50.3072
50.6896
50.8554
50.9416
51.0659
51.2216
51.4397
51.5843
51.8129
52.1900
52.3533
52.4410
52.5663
52.9394
53.0752
53.3159
53.6903
53.8530
53.9429
54.0658
54.4405
54.5992
54.8139
55.1654
55.3536
55.4433
55.5280
55.9391
56.1126
56.3133
56.6677
56.8538
56.9415
57.0660
57.2253
57.4405
57.6094
57.8083
58.1904
58.3519
58.4424
58.5429
58.9184
59.1100
59.2140
59.3127
59.6905
59.8647
60.0658
60.1388
60.4397
60.6037
60.8153
61.1621
61.3267
61.4913
61.5650
61.6427
61.7334
61.9167
62.1135
62.3137
62.6900
62.8667
62.9600
63.0648
63.4400
63.6057
63.7239
63.8121
64.1692
64.3565
64.5663
64.9398
65.1011
65.3074
65.6596
66.0649
66.4407
66.6014
66.8009
67.1683
67.3532
67.5661
67.9171
68.0524
68.1036
68.3077
68.6899
68.8594
69.0657
69.4407
69.6145
69.8099
70.1647
70.3637
70.5652
70.9395
71.0301
71.1012
71.3110
71.6902
71.8607
71.9746
72.0276
72.4134
72.6185
72.8080
73.1656
73.3580
73.4883
73.5646
73.6426
73.9403
74.1160
74.3133
74.6903
74.8526
74.9619
75.0662
75.4179
75.5988
75.8118
75.9623
76.1594
76.3509
76.5655
76.9405
77.1000
77.3083
77.6905
77.8526
78.0659
78.4402
78.6026
78.8102
79.1896
79.3509
79.5659
79.8771
79.9399
80.1047
80.3073
80.6651
80.8568
81.0178
81.3960
81.6094
81.8166
82.1902
82.3660
82.4802
82.5360
82.6380
82.9393
83.1130
83.2136
83.3121
83.5883
83.6906
83.8732
84.0723
84.8082
85.4419
85.5808
85.9413
86.3412
86.9405
87.0702
87.5018
87.5915
87.8090
88.2555
88.4411
88.5806
89.1922
89.3415
89.9406
90.0684
90.4756
90.8100
91.4413
91.5819
91.9422
92.3415
92.8415
92.9403
93.0688
93.7360
93.8089
93.9814
94.0737
94.3575
94.4400
94.5677
95.3373
95.9641
96.0649
96.4396
96.6066
96.8127
97.1903
97.3536
97.4418
97.5664
97.9397
98.1097
98.3150
98.6612
98.8639
98.9407
99.0658
99.4159
99.5896
99.8135
100.1604
100.3502
100.4423
100.5654
100.9400
101.1018
101.3086
101.6573
101.8520
101.9421
102.0657
102.2364
102.4184
102.6090
102.8129
103.1670
103.3505
103.4424
103.5644
103.9399
104.1045
104.3085
104.6622
104.8517
104.9398
105.0670
105.2222
105.4399
105.6043
105.8120
106.1637
106.3502
106.4422
106.5405
106.9189
107.0236
107.1132
107.2111
107.3115
107.6903
107.8671
108.0671
108.4146
108.6032
108.8075
109.1899
109.3534
109.4896
109.5660
109.6426
109.7328
109.9386
110.1062
110.3150
110.6901
110.8559
110.9607
111.0656
111.4408
111.6129
111.8133
112.1901
112.2888
112.3510
112.5646
112.9167
113.1050
113.3148
113.6895
114.0651
114.4153
114.5974
114.8093
115.1904
115.3563
115.5074
115.5662
115.9181
116.1046
116.3134
116.6900
116.8575
116.9410
117.0661
117.4404
117.6068
117.8145
118.1652
118.3560
118.5646
118.9403
119.0967
119.3099
119.6700
119.9757
120.0676
120.3351
120.4401
120.6043
120.8161
121.1891
121.3535
121.4901
121.5655
121.6416
121.7333
121.9388
122.0974
122.3138
122.6639
122.8579
122.9592
123.0406
123.2388
123.4397
123.6130
123.8132
124.1618
124.3570
124.5663
124.9397
125.1148
125.2532
125.3153
125.6899
126.0644
126.3957
126.6102
126.8028
127.1902
127.3584
127.5671
127.7052
127.9395
128.0983
128.3141
128.4725
128.6623
128.8547
128.9421
129.0657
129.4393
129.6106
129.8142
130.1631
130.3654
130.5650
130.9171
131.0227
131.1115
131.2069
131.3125
131.5885
131.6907
132.0726
132.8091
133.2515
133.4383
133.5684
134.3369
134.9581
135.0622
135.8093
136.4409
136.5834
137.3424
137.9392
138.0693
138.2180
138.8101
139.1107
139.2664
139.3587
139.4476
139.5834
140.3403
140.9398
141.0669
141.4361
141.8077
142.3367
142.5829
142.9336
142.9989
143.3411
143.8258
143.9387
144.0683
144.4194
144.7004
144.8085
145.4289
145.5667
145.8414
145.9335
146.2168
146.3365
146.6207
146.9633
147.1271