0.0744
0.2437
0.2993
0.7015
0.8600
0.9505
1.0766
1.4510
1.6133
1.7505
1.8264
1.9020
2.0012
2.1767
2.3761
2.5721
2.9316
3.1149
3.2211
3.3265
3.7013
3.8806
4.0736
4.4511
4.6248
4.8267
5.2009
5.3651
5.5694
5.9512
6.1169
6.3259
6.7008
6.8734
7.0641
7.4508
7.6082
7.8274
7.9972
8.2010
8.3666
8.5761
8.9508
9.1162
9.3262
9.7005
9.7966
9.8745
10.0648
10.4322
10.6145
10.8261
11.1744
11.3055
11.3693
11.5706
11.9516
12.2360
12.2925
12.5015
12.7000
12.8671
13.0146
13.0685
13.4256
13.6150
13.7509
13.8253
13.9045
13.9897
14.2004
14.3748
14.5748
14.9302
15.1239
15.2221
15.3275
15.5020
15.7009
15.8710
16.0747
16.4261
16.6125
16.8268
17.2005
17.3634
17.5131
17.5751
17.9512
18.1211
18.2746
18.3259
18.7005
18.8654
19.0665
19.4513
19.6205
19.8273
19.9941
20.2014
20.3651
20.5759
20.9270
21.1159
21.3262
21.6448
21.7017
21.8617
22.0764
22.4316
22.6248
22.7609
22.8270
23.1764
23.3722
23.4697
23.5772