0.6865
2.8841
3.2077
3.5425
3.7635
6.4120
6.7403
7.0686
7.2858
7.4101
7.5193
7.6250
7.7327
7.8397
7.9565
8.1853
8.5123
8.8398
9.0645
9.3885
9.7112
9.9518
10.2750
10.6151
10.8290
11.1602
11.4935
11.7121
12.0385
12.3780
12.5922
12.9152
13.2496
13.4773
13.8019
14.1414
14.3551
14.6961
14.9049
15.0201
15.2356
15.5752
15.9032
16.1184
16.4586
16.7803
17.0011
17.3376
17.6673
17.8799
18.2158
18.5437
18.7703
19.1017
19.4299
19.6536
19.8703
19.9796
20.0923
20.3072
20.5345
20.8641
21.1930
21.4193
21.6334
21.7465
21.8559
21.9702
22.0834
22.1876
22.2953
22.6265
22.7568
22.9629
23.0731
23.1829
23.4010
23.5045
23.6193
23.8462
24.0587
24.2863
24.3905
24.5303
24.7244
24.9453
25.1628
25.2691
25.3891
25.6093
25.8236
26.0501
26.1662
26.2932
26.4900
26.7110
26.9397
27.0437
27.1533
27.3732
27.5877
27.8190
27.9299
28.0576
28.2532
28.4729
28.7009
28.8071
28.9157
29.1364
29.3494
29.5830
29.6915
29.8203
30.0167
30.1209
30.2422
30.4665
30.5700
30.6802
30.9000
31.1242
31.3453
31.4496
31.5827
31.7783
32.0064
32.2288
32.3347
32.4432
32.6684
32.8879
33.1097
33.2132
33.3468
33.5546
33.7708
33.9930
34.0978
34.2087
34.4324
34.6520
34.8712
34.9780
35.1169
35.3177
35.5322
35.7548
35.8603
35.9839
36.1959
36.4148
36.6380
36.7520
36.8815
37.0815
37.2975
37.5206
37.6354
37.7500
37.9595
38.1777
38.4108
38.5156
38.6425
38.8440
39.0590
39.2897
39.3985
39.5096
39.7225
39.9418
40.1751
40.2787
40.4063
40.6091
40.8355
41.0529
41.1623
41.2719
41.4863
41.7116
41.9371
42.0427
42.1704
42.3731
42.5982
42.8147
42.9202
43.0357
43.2612
43.4731
43.8043
43.9348
44.1409
44.3606
44.5804
44.6837
44.7981
45.0252
45.2388
45.4648
45.5681
45.6973
45.9036
46.1235
46.3439
46.4465
46.5766
46.7876
47.0013
47.2286
47.3437
47.4728
47.6676
47.8889
48.1073
48.2229
48.3312
48.5514
48.7648
48.9962
49.1071
49.2360
49.4317
49.6501
49.8806
49.9856
50.0964
50.3161
50.5317
50.8700
51.0006
51.1956
51.4201
51.6442
51.7486
51.8578
52.0783
52.1854
52.3032
52.5238
52.6351
52.7615
52.9579
53.0732
53.1844
53.4073
53.5108
53.6217
53.8413
53.9648
54.0662
54.2875
54.3929
54.5255
54.7343
54.8379
54.9481
55.1717
55.2749
55.3848
55.6107
55.7246
55.8295
56.0509
56.1561
56.2890
56.4978
56.7120
56.9343
57.0402
57.1604
57.3745
57.5942
57.8148
57.9185
58.0577
58.2614
58.4747
58.6982
58.8136
58.9228
59.1389
59.3583
59.5891
59.6950
59.8222
60.0237
60.2383
60.4671
60.5778
60.6868
60.9024
61.1210
61.3532
61.4578
61.5851
61.7876
62.0012
62.2311
62.3412
62.4510
62.6660
62.8946
63.1154
63.2202
63.3477
63.5503
63.7764
63.9929
64.1091
64.2136
64.4280
64.5511
64.6543
64.8808
64.9830
65.1122
65.3255
65.5391
65.7580
65.8623
65.9767
66.2031
66.3105
66.4174
66.6422
66.7477
66.8752
67.0831
67.1944
67.3031
67.5234
67.6256
67.7527
67.9668
68.0776
68.1810
68.4068
68.5105
68.6512
68.8475
68.9573
69.0664
69.2845
69.3993
69.5097
69.7304
69.8391
69.9429
70.1703
70.2850
70.4139
70.6101
70.8306
71.0583
71.1654
71.2730
71.4945
71.7071
71.9397
72.0488
72.1775
72.3741
72.5944
72.8237
72.9267
73.0365
73.2574
73.4820
73.7029
73.8136
73.9399
74.1372
74.3696
74.5861
74.6908
74.8014
75.0210
75.2462
75.4654
75.5753
75.7032
75.9005
76.0152
76.1260
76.3509
76.4548
76.5639
76.7963
77.0078
77.2288
77.3330
77.4680
77.6751
77.8894
78.1118
78.2271
78.3279
78.5530
78.7486
79.2239
79.4393
79.5505
79.6509
79.8775
79.9869
80.1214
80.3194
80.4309
80.5572
80.7562
80.8719
80.9809
81.2027
81.3140
81.4141
81.6525
81.7602
81.8848
82.0827
82.1907
82.3211
82.5310
82.6354
82.7443
82.9652
83.0770
83.1782
83.4094
83.5233
83.6476
83.8460
83.9547
84.0844
84.2945
84.3991
84.5081
84.7293
84.8408
84.9532
85.1729
85.2870
85.4113
85.6126
85.7406
85.8594
86.0581
86.1729
86.2901
86.4962
86.7237
86.9385
87.1759
87.3859
87.5798
88.0539
88.2710
88.4863
88.7003
88.9135
89.1500
89.3516
89.6899
89.8291
90.0211
90.2444
90.4625
90.5759
90.7073
90.9092
91.1216
91.4633
91.5928
91.7832
91.8992
92.0069
92.2282
92.3466
92.4688
92.6718
92.7819
92.8857
93.2308
93.3554
93.5519
93.7699
94.0002
94.1070
94.2343
94.4345
94.6460
94.7647
94.8741
94.9874
95.0784
95.4198
95.5443
95.6529
95.7055
95.7614
95.8151
95.8687
95.9277
95.9785
96.0958
96.2110
96.3171
96.4242
96.7521
96.8841
97.0798
97.3030
97.5295
97.6308
97.7392
97.9760
98.1884
98.4100
98.5197
98.6475
98.8541
99.0686
99.2919
99.3961
99.5175
99.7389
99.9524
100.2751
100.4105
100.6177
100.8312
101.0567
101.1596
101.2805
101.4942
101.7167
101.9404
102.0501
102.1794
102.3801
102.5950
102.8179
102.9344
103.0444
103.2604
103.4751
103.8128
103.9427
104.1441
104.3572
104.5957
104.6963
104.8064
105.0232
105.1487
105.2405
105.4756
105.5780
105.7054
105.9087
106.1348
106.3536
106.4617
106.5729
106.7852
106.9920
107.3400
107.4686
107.6734
107.8967
108.1138
108.2249
108.3407
108.5478
108.7832
109.0048
109.1043
109.2302
109.4437
109.6602
109.8765
109.9884
110.1017
110.2259
110.3242
110.5440
110.8668
110.9956
111.2090
111.4222
111.6454
111.7454
111.8723
112.0891
112.3017
112.5288
112.6330
112.7700
112.9739
113.1879
113.4051
113.5208
113.6383
113.8504
114.0636
114.4054
114.5347
114.7305
114.9502
115.1810
115.2849
115.3961
115.6132
115.8287
116.0650
116.1695
116.2977
116.4934
116.7136
116.9425
117.0481
117.1572
117.3773
117.5992
117.9329
118.0612
118.2595
118.3721
118.5073
118.7073
118.8107
118.9199
119.1411
119.2580
119.3631
119.5858
119.6951
119.8254
120.0328
120.1371
120.2665
120.4704
120.5726
120.6847
120.9154
121.1268
121.4592
121.5868
121.7978
121.8995
122.0289
122.2338
122.3383
122.4596
122.6740
122.8904
123.1121
123.2175
123.3612
123.5578
123.7929
123.9947
124.1130
124.2250
124.4358
124.6544
124.9927
125.1203
125.3234
125.4268
125.5549
125.7728
125.8748
125.9843
126.2002
126.3162
126.4174
126.6521
126.7553
126.8836
127.0863
127.1901
127.3192
127.5341
127.6386
127.7194
127.9628
128.0556
128.1940
128.5201
128.6468
128.8504
128.9545
129.0944
129.2943
129.4039
129.5114
129.7283
129.8446
129.9553
130.1770
130.2819
130.4109
130.6230
130.8589
131.0562
131.1672
131.2750
131.5006
131.7232
132.0449
132.1736
132.3880
132.6027
132.9308
133.0593
133.2673
133.4813
133.7057
133.8078
133.9502
134.1435
134.3651
134.7002
134.8331
135.0313
135.2444
135.5835
135.7126
135.9093
136.1301
136.3619
136.4614
136.5917
136.7937
137.0085
137.2452
137.3479
137.4751
137.6708
137.8940
138.1210
138.2254
138.3547
138.4462
138.5566
138.7841
139.1105
139.2396
139.4364
139.6682
139.9897
140.1181
140.3211
140.5459
140.8729
141.0029
141.1976
141.4300
141.7528
141.8822
142.0949
142.3069
142.6381
142.7671
142.9746
143.1949
143.4145
143.5166
143.6349
143.8576
144.0708
144.2925
144.4021
144.5401
144.7346
144.9512
145.1738
145.2806
145.4014
145.6205
145.7291
145.8347
146.1698
146.3038
146.5006
146.7168
146.9498
147.0538
147.1633
147.3795
147.5966
147.8296
147.9336
148.0633
148.2617
148.4772
148.7138
148.8183
148.9264
149.1409
149.3611
149.5936
149.6973
149.8262
150.0278
150.2545
150.4775
150.5824
150.6913
150.9051
151.1358
151.3559
151.4614
151.5890
151.7916
152.0169
152.2333
152.3447
152.4555
152.6802
152.8804
153.2249
153.3533
153.5661
153.7811
153.9992
154.1084
154.2190
154.4441
154.6581
154.8836
154.9871
155.1270
155.3276
155.5427
155.7636
155.8710
155.9925
156.2076
156.4260
156.6476
156.7624
156.8903
157.0928
157.3072
157.5258
157.6421
157.7563
157.9713
158.1838
158.4219
158.5253
158.6553
158.8501
159.0702
159.2993
159.4038
159.5199
159.7337
159.9485
160.2893
160.4166
160.6145
160.8447
161.0643
161.1671
161.2772
161.4973
161.6034
161.7229
161.9431
162.0537
162.1819
162.3779
162.6087
162.8277
162.9305
163.0417
163.2729
163.3842
163.4878
163.7063
163.8191
163.9443
164.1532
164.2566
164.3724
164.5916
164.6952
164.8054
165.0360
165.1423
165.2496
165.4697
165.5805
165.7079
165.9160
166.1363
166.3527
166.4597
166.5789
166.7994
167.0129
167.2349
167.3493
167.4831
167.6799
167.8928
168.1175
168.2324
168.3425
168.5631
168.7768
169.0073
169.1137
169.2453
169.4438
169.6561
169.8921
169.9961
170.1067
170.3213
170.5409
170.7710
170.8778
171.0047
171.2068
171.3102
171.4315
171.6557
171.7599
171.8686
172.0851
172.3138
172.5345
172.6396
172.7674
172.9693
173.1954
173.4178
173.5276
173.6329
173.8474
173.9691
174.0789
174.2994
174.4027
174.5320
174.7452
174.9574
175.1777
175.2870
175.3960
175.6220
175.7303
175.8416
176.0621
176.1674
176.2949
176.5076
176.6136
176.7221
176.9401
177.0516
177.1713
177.3856
177.4978
177.6058
177.8259
177.9303
178.0701
178.2721
178.4851
178.7047
178.8195
178.9349
179.1498
179.2588
179.3630
179.5996
179.7061
179.8332
180.0353
180.2493
180.4775
180.5846
180.7000
180.9121
181.1261
181.3658
181.4683
181.5969
181.7929
182.0125
182.2422
182.3460
182.4614
182.6761
182.9008
183.1269
183.2325
183.3605
183.5563
183.7890
184.0057
184.1095
184.2193
184.4394
184.6651
184.8849
184.9962
185.1235
185.3306
185.4364
185.5509
185.7693
185.8734
185.9834
186.2143
186.4274
186.6477
186.7582
186.8874
187.0930
187.3136
187.5319
187.6425
187.7583
187.9780
188.1690
188.6428
188.8576
188.9698
189.0754
189.2964
189.4150
189.5403
189.7442
189.8544
189.9758
190.1750
190.2910
190.4060
190.6220
190.7326
190.8335
191.0712
191.1805
191.3030
191.5022
191.6170
191.7398
191.9500
192.0543
192.1693
192.3836
192.4938
192.5965
192.8344
192.9431
193.0667
193.2651
193.3810
193.5131
193.7127
193.8183
193.9277
194.1483
194.2584
194.3722
194.5977
194.7069
194.8307
195.0299
195.1620
195.2779
195.5904
195.7087
195.9268
196.1425
196.3585
196.4612
196.5687
196.8038
197.0404
197.4733
197.6910
197.9059
198.1190
198.3314
198.5691
198.8073
199.1086
199.2483
199.4460
199.6640
199.8840
200.0114
200.1316
200.3281
200.5468
200.8843
201.0111
201.2029
201.4260
201.6591
201.7634
201.8927
202.0911
202.2032
202.3031
202.6468
202.7725
202.9696
203.1887
203.4212
203.5258
203.6594
203.8551
203.9660
204.0761
204.1852
204.2990
204.4075
204.8439
204.9624
205.0716
205.1814
205.2386
205.3466
205.4041
205.5208
205.6303
205.7461
205.8418
206.1722
206.3015
206.4991
206.7288
206.9496
207.0504
207.1697
207.3944
207.6065
207.8351
207.9379
208.0639
208.2728
208.4940
208.7104
208.8151
208.9289
209.1570
209.3699
209.6993
209.8417
210.0363
210.2564
210.4743
210.5786
210.7022
210.9185
211.1360
211.4743
211.6030
211.7998
212.0190
212.2467
212.3528
212.4662
212.6903
212.8927
213.2332
213.3669
213.5629
213.7756
214.0143
214.1156
214.2261
214.4486
214.5686
214.6606
214.8931
214.9976
215.1255
215.3267
215.5531
215.7792
215.8799
215.9944
216.2099
216.4355
216.7603
216.8879
217.0920
217.3147
217.5377
217.6422
217.7589
217.9771
218.2008
218.4202
218.5224
218.6523
218.8634
219.0788
219.3026
219.4066
219.5198
219.7420
219.9594
220.2863
220.4260
220.6285
220.8410
221.0583
221.1689
221.2908
221.5074
221.7274
221.9454
222.0623
222.1906
222.3925
222.6072
222.8246
222.9447
223.0573
223.2709
223.4695
223.8252
223.9547
224.1567
224.3698
224.6016
224.7080
224.8208
225.0323
225.2540
225.4878
225.5883
225.7166
225.9187
226.1437
226.3616
226.4667
226.5853
226.7961
227.0162
227.2457
227.3539
227.4787
227.6789
227.7972
227.9267
228.1264
228.2290
228.3385
228.5709
228.6797
228.7825
229.0112
229.1141
229.2429
229.4521
229.5557
229.6900
229.8890
229.9924
230.1090
230.3350
230.4444
230.5449
230.8802
231.0063
231.2162
231.3188
231.4544
231.6528
231.7574
231.8785
232.0989
232.3094
232.5319
232.6532
232.7814
232.9772
233.1986
233.4154
233.5340
233.6426
233.8629
234.0560
234.4185
234.5464
234.7427
234.8453
234.9757
235.1914
235.2942
235.4046
235.6247
235.7317
235.8366
236.0703
236.1744
236.3077
236.5064
236.6091
236.7503
236.9538
237.0580
237.1379
237.3824
237.4747
237.6129
237.9416
238.0733
238.2710
238.3837
238.5134
238.7182
238.8260
238.9302
239.1463
239.2694
239.3743
239.5984
239.7010
239.8295
240.0419
240.2769
240.4805
240.5844
240.6943
240.8137
240.9197
241.1430
241.4645
241.5935
241.8070
242.0231
242.3491
242.4897
242.6864
242.9052
243.2270
243.3680
243.5686
243.7840
244.0047
244.1250
244.2534
244.4492
244.6689
245.0025
245.1328
245.3342
245.5486
245.7803
245.8836
246.0170
246.2129
246.4343
246.6643
246.7665
246.8949
247.0949
247.3127
247.5430
247.6443
247.7818
247.8657
247.9762
248.2026
248.5302
248.6595
248.8613
249.0881
249.4086
249.5434
249.7396
249.9646
250.1911
250.2933
250.4220
250.6283
250.8498
251.1726
251.3001
251.5145
251.7245
251.9534
252.0575
252.1860
252.3931
252.6134
252.8335
252.9356
253.0635
253.2761
253.4894
253.7104
253.8208
253.9602
254.1539
254.3760
254.5942
254.7101
254.8201
255.0396
255.1508
255.2537
255.5949
255.7248
255.9205
256.1409
256.3704
256.4737
256.5833
256.8039
257.0157
257.2478
257.3581
257.4879
257.6808