0.0849
0.3764
1.2919
1.5887
1.8893
2.1906
2.4710
2.7894
3.0888
3.3709
3.6648
3.9117
3.9887
4.2148
4.2661
4.5771
4.8762
5.7926
6.0869
6.3883
6.6874
6.9901
7.2718
7.5887
7.8900
8.1701
8.4712
8.7901
9.0777
9.3898
9.4589
9.5974
9.6714
10.8901
11.1898
11.4894
11.7891
12.0540
12.6545
12.9719
13.2721
13.5903
13.7377
13.8874
14.1905
14.4513
15.0894
15.3918
15.6887
15.9893
16.2895
16.5894
16.8708
17.1899
17.3426
17.4883
17.7708
18.0895
18.3883
18.6894
18.9906
19.1395
19.2819
19.5762
20.4920
20.7889
21.0891
21.3906
21.6715
21.9879
22.2887
22.5708
22.8631
23.1922
23.4174
23.7790
24.0746
25.2878
25.5882
25.8876
26.1899
26.4717
26.7887
27.0898
27.3697
27.6736
27.9892
28.2771
28.5905
28.6587
28.7980
28.8702
30.0890
30.3904
30.6893
30.9892
31.2557
31.8546
32.1712
32.4718
32.7890
33.0873
33.3898
33.6481
34.5912
34.8889
35.1888
35.4895
35.7898
36.0710
36.3894
36.5409
36.6880
36.9707
37.2946
37.5878
37.8896
38.1900
38.3396
38.4717
38.7912
38.9055
39.0862
39.3705
39.6866
39.9887
40.2832
40.5903
40.8791
41.1895
41.4889
41.7710
42.0886
42.3896
42.5418
42.6859
42.9894
43.1046
43.1979
43.2751
43.5899
43.7407
43.8829
44.1707
44.4054
44.4860
44.7891
45.0828
45.6832
45.9893
46.2874
46.5701
46.8890
47.1903
47.4866
47.7891
47.9412
48.0741
48.3897
48.5400
48.6652
48.9695
49.2683
49.5889
49.7432
49.8803
50.1898
50.4734
50.7897
50.9389
51.0884
51.3711
51.6899
51.9895
52.1402
52.2872
52.5893
52.8745
53.1898
53.3402
53.4216
53.4898
53.7717
54.0891
54.3892
54.5406
54.6846
55.2841
55.5908
55.7439
55.8839
56.1699
56.4880
56.7877
57.0890
57.3906
57.5396
57.6668
57.9768
58.3752
58.5650
58.8726
59.1680
59.4678
59.5756
59.7905
59.8593
60.0662
60.2069
60.3634
60.4916
60.5816
60.6893
60.8041
60.8568
60.9664
61.0480
61.1062
61.2729
61.4709
61.5901
61.8662
62.1027
62.1785
62.4329
62.5523
63.0842
63.3668
63.4588
63.6733
63.9974
64.1901
64.2677
64.5904
64.8667
65.1876
65.2614
65.3776
65.4374
65.4969
65.7669
65.9024
66.0401
66.3905
66.5258
66.6671
67.0579
67.1540
67.2203
67.8433
68.0676
68.1666
68.2390
68.4728
68.7319
68.8673
69.0651
69.2751
69.4060
69.6566
69.9885
70.2542
70.5675
70.8747
71.1903
71.2596
71.4666
71.5378
71.6003
71.7280
71.9087
72.0672
72.3861
72.6883
72.8404
72.9666
73.2729
73.5803
73.7860
73.8670
74.4439
74.5586
74.6556
74.7331
74.7892
74.9474
75.0293
75.0912
75.2348
75.3675
75.6752
75.8458
76.0965
76.2672
76.5908
76.8669
77.1763
77.7668
77.8609
78.0736
78.3897
78.6663
78.8390
78.9904
79.1584
79.2674
79.4907
79.5905
79.7049
79.7869
79.8763
80.1243
80.3275
80.4720
80.7934
81.0680
81.3714
81.5869
81.6722
82.1885
82.2838
82.5670
82.8742
83.1876
83.4665
83.7900
83.8912
84.0671
84.2114
84.3339
84.5425
84.8384
84.9672
85.2722
85.5890
85.7194
85.8669
86.1190
86.1890
86.2606
86.3986
86.4666
87.0845
87.3670
87.6748
87.9960
88.2666
88.3478
88.4319
88.8561
89.0929
89.2653
89.4544
89.6951
89.7645
89.8537
90.0467
90.2542
90.3856
90.4801
90.6666
90.9894
91.2481
91.7900
92.1129
92.1674
92.4176
92.4746
92.7898
92.9179
93.0668
93.3902
93.6659
93.9962
94.1437
94.2887
94.5666
94.7709
94.8467
95.1895
95.4660
95.5758
95.7630
95.8681
96.0783
96.3758
97.2733
98.4719
100.5765
100.8793
102.0731
102.6766
103.2730
103.8729
105.0850
105.4583
105.5975
106.8553
107.4599
108.0693
110.4479
112.8736
113.4734
114.0724
115.2798
115.5758
119.7763
120.0812
124.2850
124.6590
124.7979
129.6513