0.0901
0.3788
0.5211
0.9680
1.2200
1.7205
1.9011
2.0114
2.1692
2.3291
2.4544
2.9190
3.3696
3.6967
4.1198
4.5692
4.8585
5.1418
5.3199
5.7688
5.9446
6.3543
6.5202
6.9687
7.4625
7.5484
7.7194
7.8349
8.1702
8.4672
8.9196
9.3691
9.6577
10.1196
10.3772
10.5689
11.1960
11.3202
11.7245
11.9378
12.0084
12.2538
12.4792
12.6834
12.9426
13.2757
13.7199
14.1691
14.3072
14.3868
14.4742
14.9193
15.3694
15.8698
16.1191
16.5700
16.8620
17.3194
17.5118
17.7693
17.8740
18.0500
18.5195
18.8199
19.2181
19.2749
19.5792
19.7192
20.1745
20.4753
20.9194
21.3695
21.6748
21.9747
22.0789
22.3079
22.5733
22.8733
23.3202
23.7699
24.0754
24.5192
24.9728
25.2714
25.7200
26.1696
26.3171
26.4356
26.9199
27.3738
27.6744
28.1215
28.5701
28.8759
29.1459
29.3192
29.4984
29.7753
30.0718
30.4783
30.6019
30.9710
31.1763
31.2747
31.7206
31.8793
32.1737
32.4747
32.9207
33.3696
33.5902
33.6765
34.1197
34.2696
34.5726
34.8726
35.1196
35.3196
35.7707
36.0745
36.5207
36.6776
36.9734
37.2722
37.7229
38.0193
38.1736
38.4766
38.9200
39.2442
39.3740
39.6731
40.1203
40.2820
40.5691
40.8755
41.0914
41.1787
41.3190
41.6885
41.7745
42.0710
42.2608
42.4384
42.5197
42.7997
42.9700
43.1348
43.2755
43.7195
44.1732
44.4740
44.9196
45.0910
45.3705
45.6357
46.1193
46.5746
46.8721
47.3243
47.7694
47.9014
48.0745
48.5194
48.6999
48.9736
49.2747
49.7210
50.1692
50.4047
50.4760
50.6693
50.9195
51.0757
51.3755
51.5479
51.6717
52.1195
52.5695
52.7899
52.8745
53.3195
53.4689
53.7736
54.0197
54.0728
54.5192
54.8107
54.9693
55.1283
55.2764
55.5576
55.7190
55.8787
56.1728
56.4727
56.9220
57.2200
57.3724
57.6748
57.9417
58.1187
58.5743
58.7444
58.8709
59.1549
59.3197
59.7690
60.0529
60.3853
60.5197
60.9732
61.2735
61.7201
62.1692
62.3837
62.4755
62.9193
63.1787
63.3735
63.6712
63.9956
64.1195
64.5695
64.7380
64.8096
64.8746
65.0541
65.1520
65.2801
65.4838
65.7426
66.0743
66.4784
66.9693
67.1076
67.2758
67.7194
68.1753
68.4719
68.6701
68.9194
69.3702
69.6147
69.6748
70.1206
70.3131
70.5734
70.6740
70.8746
71.3195
71.7699
72.0761
72.3174
72.5193
72.9726
73.2723
73.7198
74.1699
74.4746
74.9205
75.1091
75.3742
75.6721
76.1226
76.4199
76.5727
76.8765
77.3194
77.7738
78.0730
78.5199
78.8251
78.9695
79.0840
79.2753
79.7189
80.1745
80.4714
80.8437
80.9197
81.3705
81.6752
82.1198
82.4685
82.5729
82.8741
83.0061
83.3197
83.7696
84.0361
84.5189
84.9748
85.2720
85.7243
86.1695
86.4746
86.9198
87.0990
87.3737
87.6744
88.1195
88.2419
88.4829
88.5691
88.8148
88.8760
89.0597
89.3195
89.4782
89.7756
89.8750
90.0718
90.3447
90.5196
90.8065
90.9693
91.2748
91.7197
91.8662
92.1736
92.4724
92.9190
93.3698
93.6759
94.1193
94.2780
94.5729
94.8727
95.3221
95.6200
95.7389
96.0749
96.3781
96.5191
96.6785
96.9742
97.2712
97.6212
97.7195
98.1698
98.4245
98.4756
98.7797
98.9199
99.2979
99.3732
99.6398
99.9428
100.1203
100.5695
100.7399
100.8752
101.3198
101.7747
102.0708
102.5196
102.7847
102.9701
103.2484
103.5487
103.7199
104.1732
104.4167
104.4743
104.7340
104.8402
104.9208
105.0687
105.1655
105.3694
105.6754
105.9468
106.1195
106.5214
106.5753
106.8717
107.3195
107.7710
107.9303
107.9817
108.0745
108.2877
108.3417
108.4664
108.5202
108.9732
109.2747
109.5339
109.7212
109.8854
109.9928
110.1701
110.3539
110.4761
110.9196
111.3725
111.6720
112.0010
112.1200
112.5707
112.8743
113.1567
113.3208
113.7738
114.0715
114.5222
114.7962
114.9737