0.2900
0.3429
0.4114
0.7121
0.8325
0.9381
4.1929
4.4215
5.1061
5.3417
5.7944
6.0246
6.2529
6.3036
7.8578
8.7739
9.2324
9.6921
9.9152
10.1945
11.5210
11.7492
11.9801
12.4375
13.3550
13.5825
13.8612
13.9911
14.3417
15.1867
16.0997
16.5610
17.0255
17.2471
17.3023
17.5542
18.6101
18.7320
19.0703
19.1415
19.2771
19.5290
19.6243
19.7583
19.9866
20.0616
20.2174
20.4444
20.5165
20.6724
20.9003
21.0140
21.1278
21.3585
21.5905
21.8177
21.9318
22.0457
22.2283
22.5058
22.6660
22.7352
22.8467
23.1920
23.3546
23.4202
23.6513
24.1072
24.3367
24.5685
25.0258
25.2563
25.4827
25.7083
25.9391
26.1702
26.3948
26.5104
26.8564
27.0560
27.3158
27.7736
28.0025
28.2310
28.3428
28.4573
28.6897
28.9175
29.1441
29.2578
29.3722
29.5153
29.6036
29.7876
30.0629
30.5207
30.7225
30.9545
31.3773
31.4353
31.6654
31.8932
32.3177
32.5822
32.8115
32.9275
32.9898
33.2693
33.4973
33.7259
33.9518
34.1835
34.4114
34.6413
34.8700
35.0999
35.3291
35.5586
35.7846
36.0165
36.2459
36.4743
36.5861
36.6693
36.9312
37.1612
37.3888
37.6180
37.8477
38.0231
38.0770
38.3056
38.7639
38.9922
39.2215
39.4502
39.6794
39.9087
40.1380
40.3341
40.5964
40.8237
41.0546
41.2804
41.5132
41.7402
41.9696
42.1957
42.4274
42.6556
42.8852
43.1121
43.3430
43.5742
43.6866
43.8016
44.0269
44.2590
44.4886
44.7166
44.9464
45.1763
45.4035
45.5210
45.6337
45.8224
45.9534
46.0919
46.3219
46.5492
46.7352
47.0049
47.2374
47.3507
48.2393
48.4066
48.8245
49.1490
49.7143
50.0542
50.2276
50.5015
50.5744
50.6309
50.9623
51.0792
51.3300
51.4216
51.6240
51.7362
51.8683
52.3562
52.5322
52.7883
52.8395
52.9466
53.0332
53.2611
53.4723
53.7375
54.0387
54.1811
54.2316
54.5535
54.7857
55.0037
55.0888
55.2561
55.5641
55.7161
56.0195
56.1655
56.4848
56.6280
56.8531
57.0588
57.2927
57.4027
57.5415
57.8346
58.0012
58.4596
58.6434
58.9175
59.1003
59.3731
59.6959
59.8310
60.0604
60.2896
60.7484
61.2056
61.6590
61.8858
62.0047
62.1185
62.2345
62.3461
62.6981
62.8079
63.0381
63.1522
63.2706
63.3769
63.4962
63.7248
63.8372
63.9550
64.1871
64.2939
64.4136
64.6408
64.7533
64.8722
65.1019
65.1675
65.2890
65.5562
65.7859
66.0170
66.2425
66.4753
66.5871
66.7007
66.8153
66.9334
67.0413
67.1590
67.3888
67.5041
67.6183
67.8504
67.9609
68.0765
68.3057
68.4181
68.5354
68.7656
68.8544
68.9550
69.1981
69.4499
69.6849
69.9108
70.0279
70.1388
70.2503
70.3649
70.4801
70.5962
70.7062
70.8222
71.0555
71.1671
71.2808
71.5142
71.6205
71.7396
71.9725
72.0834
72.1978
72.3109
72.4305
72.4912
72.6186
72.8861
73.1150
73.3481
73.5738
73.8006
74.0325
74.1436
74.2608
74.3692
74.4868
74.7180
74.8304
74.9452
75.1814
75.4024
75.5137
75.6358
75.8613
75.9756
76.1289
76.1826
76.2828
76.5259
76.6340
76.7722
77.0013
77.0719
77.3548
77.4657
77.5770
77.6958
77.9257
78.0063
78.1540
78.3831
78.6103
78.8415
78.9508
79.0682
79.2991
79.5255
79.7580
79.8307
79.8903
79.9453
80.2127
80.3277
80.4427
80.6432
80.9000
81.1323
81.2428
81.3591
81.4720
81.5892
81.6706
81.8174
82.0452
82.1581
82.2760
82.5059
82.7342
82.9632
83.0717
83.1904
83.3047
83.4223
83.5132
83.6483
83.7593
83.8554
83.9906
84.1062
84.3395
84.5645
84.6829
84.7942
85.0223
85.2539
85.3310
85.4813
85.7112
85.9396
86.1698
86.3664
86.6264
86.8562
87.0860
87.1641
87.2203
87.3138
87.5439
87.6539
87.7712
87.9590
88.2282
88.6862
88.8015
88.9180
89.0106
89.1448
89.3737
89.6027
89.8377
90.0608
90.2934
90.5179
90.6317
90.8392
90.9743
91.0870
91.1817
91.4044
91.6586
92.0113
92.1228
92.2336
92.3527
92.5826
92.6695
92.8093
93.0400
93.2668
93.4992
93.7244
93.9548
94.0681
94.1824
94.4148
94.5005
94.6413
94.8692
95.0999
95.2992
95.5576
95.7427
95.8973
96.0161
96.1286
96.2454
96.3319
96.4736
96.7024
96.9309
97.1617
97.3885
97.6203
97.8467
97.9620
98.0780
98.1701
98.3042
98.5106
98.7358
98.9961
99.2217
99.3399
99.4497
99.5639
99.6798
99.9096
100.1379
100.3690
100.5964
101.0545
101.2824
101.5126
101.6257
101.7427
101.9691
102.1998
102.3111
102.4272
102.6165
102.8847
103.0720
103.3435
103.4580
103.5746
103.6628
103.8019
104.0310
104.2598
104.4917
104.7180
104.9502
105.1744
105.2887
105.4053
105.4984
105.6352
105.8391
106.0924
109.5990
109.9848
110.1577
110.2174
110.4257
110.6716
110.7679
110.8229
111.0892
111.3476
111.5896
111.7209
112.0468
112.2761
112.5082
112.6183
112.7333
112.9669
113.1949
113.4239
113.6497
113.8393
114.1113
114.3365
114.4605
114.7960
115.0248
115.1637
115.7165
115.9414
116.1717
116.5148
116.6288
116.8592
117.0852
117.3112
117.4685
117.5430
117.7467
117.9298
118.1735
118.4617
118.6509
118.8956
118.9651
119.0677
119.3054
119.3768
119.6053
119.7342
119.8323
120.0588
120.2928
120.5210
120.7517
120.8638
120.9777
121.1189
121.2083
121.3800
121.6337
121.7654
122.1232
122.3607
122.5835
122.9285
123.2679
123.4545
123.9553
124.1852
124.4143
124.5316
124.6433
124.8708
125.1004
125.3283
125.5552
125.7865
126.0152
126.2446
126.4712
126.7030
126.9328
127.1611
127.6192
127.8478
128.0773
128.2722
128.5342
128.7651
128.9925
129.2199
129.4512
129.6283
129.6801
129.9091
130.3671
130.5975
130.8245
131.0540
131.2831
131.5117
131.7407
131.9361
132.1990
132.3181
132.4290
132.6562
133.1148
133.3435
133.5720
134.0303
134.2606
134.4885
134.9468
135.1759
135.3848
135.6308
135.8640
136.0922
136.3212
136.7799
137.0077
137.2379
137.5559
137.6977
137.9271
138.1518
138.3404
138.6030
138.8452
139.0704
139.3704
139.8362
140.0103
140.2937
140.4270
140.7536
141.1897
141.3497
141.6593
141.7151
141.8306
142.1102
142.2343
142.5649
142.9327
143.0269
143.2274
143.3773
143.4708
143.9381
144.3923
144.4458
144.6356
144.8613
145.0556
145.3128
145.6418
145.7880
146.3864
146.6066
146.6943
147.1544
147.3370
147.6191
147.7536
148.0742
148.5184
148.6564
148.8944
148.9699
149.1372
149.4371
149.9050
150.2474
150.5520
150.7042
151.2961
151.4641
152.3351
153.5446
154.0230
154.4129
154.4988
154.6437
154.9155
155.0993
155.5577
156.0138
156.2441
156.3194
156.4752
156.7002
156.9312
157.3897
157.5897
157.6883
157.8475
158.0345
158.1721
158.3055
158.6177
158.7641
158.9920
159.2207
159.6801
160.0086
160.1378
160.5969
160.8227
160.9416
161.0182
161.2662
161.5112
161.7372
161.8550
161.9691
162.4269
162.6543
162.8854
163.3434
163.5710
163.8018
164.2596
164.7170
164.9076
165.1760
165.6329
166.0912
166.3226
166.5490
167.0076
167.4656
168.6061
169.0643
169.1805
169.5226
169.6382
169.8711
169.9812
170.0965
170.2156
170.4392
170.5572
170.8963
170.9899
171.1289
171.3511
171.4529
171.5598
171.7852
171.9298
172.0407
172.1585
172.2716
172.3878
172.7284
172.8471
172.9610
173.1920
173.2993
173.4194
173.5342
173.6480
173.7627
173.8787
174.1089
174.2162
174.3368
174.5654
174.6767
174.7956
174.9088
175.0249
175.1419
175.2540
175.4584
175.7101
175.9433
176.1659
176.2870
176.3988
176.5106
176.6247
176.7411
176.8567
176.9643
177.0823
177.1999
177.3148
177.4273
177.5410
177.7737
177.8817
178.0000
178.2301
178.3430
178.4586
178.5721
178.6879
178.7927
178.9176
179.1447
179.2586
179.3740
179.6050
179.8339
180.0583
180.2896
180.4051
180.5210
180.5971
180.7476
180.9755
181.2061
181.4382
181.6636
181.8949
182.1219
182.2354
182.3536
182.4445
182.5806
182.6922
182.7854
182.9212
183.0017
183.2706
183.4954
183.6166
183.7255
183.8355
183.9556
184.1858
184.4119
184.6428
184.8698
185.1020
185.3279
185.5581
185.7856
186.0173
186.1193
186.2444
186.4726
186.7023
186.9013
187.1603
187.3511
187.5020
187.6189
187.7319
187.8479
187.9297
188.0774
188.3054
188.4181
188.5340
188.7653
188.9939
189.2244
189.4494
189.6816
189.7727
189.9074
190.0187
190.1139
190.3320
190.5983
190.7964
190.9438
191.0530
191.1679
191.2825
191.5137
191.6194
191.7412
191.9716
192.1993
192.6573
192.8457
193.1160
193.3465
193.4334
193.5722
193.8045
194.0301
194.2168
194.4875
194.9463
195.0620
195.1781
195.2674
195.4048
195.6333
195.8628
196.0952
196.3208
196.5518
196.7776
197.0085
197.1012
197.2380
197.4422
197.6962
197.9260
198.2719
198.3804
198.6102
198.8410
198.9484
199.0680
199.2992
199.4114
199.5257
199.7574
199.9840
200.2139
200.3273
200.4424
200.5555
200.6735
200.8098
200.9006
201.1289
201.2446
201.3590
201.5544
201.8182
202.0464
202.2760
202.3891
202.5047
202.7348
202.9609
203.1902
203.6483
203.8781
204.1065
204.2197
204.3373
204.4298
204.5636
204.6758
204.7700
205.0229
205.2250
205.4811
205.5994
205.7100
205.9400
206.0530
206.1684
206.3980
206.6266
206.8567
207.0853
207.3148
207.5425
207.7704
207.8849
208.0016
208.1125
208.2276
208.4598
208.5715
208.6864
208.9185
209.1443
209.3737
209.6033
209.8347
210.0611
210.2892
210.5199
210.8406
211.2070
211.5491
211.6227
211.8465
212.0035
212.1392
212.8038
214.8842
214.9966
215.0969
215.2244
215.6345
215.8562
